1.000000000e+00 6.410605316e-18 -1.459374356e-17 0.000000000e+00 3.821163428e-18 1.000000000e+00 -1.456960744e-18 -5.820766091e-11 -1.745039364e-17 5.675264975e-19 1.000000000e+00 -5.820766091e-11
9.999995721e-01 -8.973590640e-04 -2.249854841e-04 1.023954246e-02 8.969802139e-04 9.999981882e-01 -1.678971334e-03 8.567944518e-03 2.264917293e-04 1.678768616e-03 9.999985652e-01 1.174456432e+00
9.999969466e-01 2.471059263e-03 -2.435638250e-05 1.354432479e-02 -2.471034957e-03 9.999964804e-01 9.659615000e-04 1.254526887e-02 2.674324308e-05 -9.658982536e-04 9.999995332e-01 2.248551155e+00
9.999956185e-01 2.958434986e-03 1.029330264e-04 2.140835766e-02 -2.958923609e-03 9.999825196e-01 5.119105475e-03 2.001413004e-02 -8.778670327e-05 -5.119387029e-03 9.999868920e-01 3.321739913e+00
9.999940278e-01 3.454201938e-03 -1.138406496e-04 3.222450381e-02 -3.453281915e-03 9.999675231e-01 7.282010202e-03 3.028085298e-02 1.389904718e-04 -7.281572752e-03 9.999734793e-01 4.501032382e+00
9.999951489e-01 3.102199061e-03 -2.802291552e-04 4.176561953e-02 -3.099875434e-03 9.999636359e-01 7.944665340e-03 4.202524421e-02 3.048648881e-04 -7.943757212e-03 9.999684014e-01 5.569576925e+00
9.999975590e-01 2.133409236e-03 -5.748670848e-04 5.195807386e-02 -2.129246607e-03 9.999721899e-01 7.147427811e-03 5.472745886e-02 5.900994887e-04 -7.146185509e-03 9.999742916e-01 6.742251219e+00
9.999966125e-01 2.477074846e-03 -7.993931820e-04 5.474578496e-02 -2.472212875e-03 9.999787799e-01 6.027268764e-03 6.887397688e-02 8.143062282e-04 -6.025271383e-03 9.999815163e-01 7.811199582e+00
9.999950398e-01 3.011674389e-03 -9.220999745e-04 4.819123028e-02 -3.006725866e-03 9.999813166e-01 5.322226108e-03 8.444397454e-02 9.381115784e-04 -5.319426594e-03 9.999854117e-01 8.886564283e+00
9.999908654e-01 4.112053870e-03 -1.166240998e-03 3.878684714e-02 -4.106181187e-03 9.999790966e-01 4.994557545e-03 1.006426642e-01 1.186754539e-03 -4.989722549e-03 9.999868471e-01 1.006912106e+01
9.999879097e-01 4.756520276e-03 -1.247412179e-03 4.343552748e-02 -4.749026708e-03 9.999710601e-01 5.943546475e-03 1.115394939e-01 1.275646709e-03 -5.937549937e-03 9.999815589e-01 1.113997222e+01
9.999893776e-01 4.460130321e-03 -1.162722703e-03 7.240873156e-02 -4.452215774e-03 9.999674860e-01 6.723442240e-03 1.143757412e-01 1.192672352e-03 -6.718193354e-03 9.999767214e-01 1.221263405e+01
9.999801084e-01 6.189691897e-03 -1.212624185e-03 9.229674283e-02 -6.182015837e-03 9.999614497e-01 6.235527549e-03 1.211373797e-01 1.251173460e-03 -6.227906334e-03 9.999798237e-01 1.337984987e+01
9.999856789e-01 5.227427910e-03 -1.147156910e-03 1.178743537e-01 -5.220868196e-03 9.999704136e-01 5.649281927e-03 1.255949401e-01 1.176654212e-03 -5.643211217e-03 9.999833847e-01 1.443953430e+01
9.999838999e-01 5.532061769e-03 -1.263459628e-03 1.367047029e-01 -5.523436432e-03 9.999620865e-01 6.731804333e-03 1.325408632e-01 1.300652512e-03 -6.724716535e-03 9.999765430e-01 1.549475382e+01
9.999825318e-01 5.761247867e-03 -1.320626440e-03 1.568284626e-01 -5.750348783e-03 9.999505474e-01 8.113949657e-03 1.399773803e-01 1.367307634e-03 -8.106212924e-03 9.999662093e-01 1.665027812e+01
9.999837271e-01 5.511925491e-03 -1.471142108e-03 1.732858266e-01 -5.499128311e-03 9.999481895e-01 8.566083699e-03 1.485935699e-01 1.518281535e-03 -8.557853318e-03 9.999622283e-01 1.769472124e+01
9.999953058e-01 2.645909384e-03 -1.545187452e-03 1.924819127e-01 -2.631682431e-03 9.999547837e-01 9.138095616e-03 1.590978426e-01 1.569296190e-03 -9.133985225e-03 9.999570529e-01 1.873598064e+01
9.999917747e-01 3.681984063e-03 -1.701036374e-03 2.112208582e-01 -3.667815322e-03 9.999591659e-01 8.259151785e-03 1.680564538e-01 1.731377020e-03 -8.252843812e-03 9.999644458e-01 1.987509320e+01
9.999872933e-01 4.681776762e-03 -1.869272456e-03 2.244668063e-01 -4.672184323e-03 9.999760605e-01 5.103823144e-03 1.764268820e-01 1.893122722e-03 -5.095024116e-03 9.999852283e-01 2.090435726e+01
9.999926769e-01 3.090201216e-03 -2.257632084e-03 2.399451230e-01 -3.081252310e-03 9.999874246e-01 3.956835176e-03 1.874849166e-01 2.269831182e-03 -3.949849406e-03 9.999896232e-01 2.192926092e+01
9.999754736e-01 6.700990336e-03 -2.036921408e-03 2.489934675e-01 -6.689642703e-03 9.999623435e-01 5.528138377e-03 1.947158176e-01 2.073888766e-03 -5.514375875e-03 9.999826452e-01 2.305738732e+01
9.999552077e-01 9.300625755e-03 -1.755281133e-03 2.608188395e-01 -9.287269249e-03 9.999289648e-01 7.470734445e-03 1.988398776e-01 1.824638997e-03 -7.454097183e-03 9.999705531e-01 2.408206519e+01
9.999375592e-01 1.103012929e-02 -1.792738862e-03 2.726971004e-01 -1.101552935e-02 9.999076418e-01 7.960277854e-03 2.074017975e-01 1.880376228e-03 -7.940031922e-03 9.999667095e-01 2.510212059e+01
9.999127486e-01 1.311180469e-02 -1.604949482e-03 2.860344448e-01 -1.309701838e-02 9.998746055e-01 8.901760970e-03 2.179031169e-01 1.721466420e-03 -8.879963199e-03 9.999590906e-01 2.622387105e+01
9.998894103e-01 1.475029585e-02 -1.896309759e-03 3.370886971e-01 -1.473541073e-02 9.998622505e-01 7.638564915e-03 2.269673077e-01 2.008719687e-03 -7.609776383e-03 9.999690277e-01 2.725177999e+01
9.998461155e-01 1.733153015e-02 -2.713560046e-03 3.457117314e-01 -1.731679295e-02 9.998356629e-01 5.364313675e-03 2.194330140e-01 2.806085958e-03 -5.316497411e-03 9.999819302e-01 2.827718132e+01
9.998034119e-01 1.955806473e-02 -3.258788718e-03 3.572280682e-01 -1.954451230e-02 9.998004129e-01 4.140824871e-03 2.096845940e-01 3.339124935e-03 -4.076318916e-03 9.999861168e-01 2.940756240e+01
9.997329468e-01 2.281252738e-02 -3.691023324e-03 3.649986577e-01 -2.278872806e-02 9.997200268e-01 6.367250679e-03 2.067389318e-01 3.835243137e-03 -6.281435821e-03 9.999729169e-01 3.043861995e+01
9.996890026e-01 2.463949962e-02 -3.846188736e-03 4.133088342e-01 -2.460636934e-02 9.996616175e-01 8.436649467e-03 1.936749496e-01 4.052762197e-03 -8.339383976e-03 9.999570140e-01 3.149686556e+01
9.996260297e-01 2.692653404e-02 -4.771007651e-03 4.139313595e-01 -2.688582299e-02 9.996032021e-01 8.401837305e-03 1.932475565e-01 4.995347041e-03 -8.270421831e-03 9.999533222e-01 3.263999880e+01
9.996277474e-01 2.669402944e-02 -5.638749445e-03 4.124244414e-01 -2.665138081e-02 9.996165891e-01 7.508568798e-03 1.937746459e-01 5.837021634e-03 -7.355492388e-03 9.999559120e-01 3.367495176e+01
9.996228750e-01 2.660710486e-02 -6.794834001e-03 4.185013487e-01 -2.655598846e-02 9.996191472e-01 7.505991580e-03 2.030212944e-01 6.991959107e-03 -7.322716484e-03 9.999487438e-01 3.481605524e+01
9.996247658e-01 2.634674959e-02 -7.495088979e-03 4.489665031e-01 -2.628539992e-02 9.996210937e-01 8.169868037e-03 1.917899573e-01 7.707498767e-03 -7.969790070e-03 9.999385366e-01 3.587745597e+01
9.996209454e-01 2.631493581e-02 -8.092574552e-03 4.700792166e-01 -2.624790007e-02 9.996211592e-01 8.281657285e-03 1.901519628e-01 8.307440312e-03 -8.066104042e-03 9.999329599e-01 3.693590283e+01
9.996046418e-01 2.702355390e-02 -7.764513151e-03 4.943420300e-01 -2.695901068e-02 9.996020743e-01 8.300894236e-03 1.887996504e-01 7.985743381e-03 -8.088287860e-03 9.999354017e-01 3.810607192e+01
9.995884357e-01 2.794886221e-02 -6.466858125e-03 5.158521952e-01 -2.788836059e-02 9.995681100e-01 9.264600772e-03 1.954105609e-01 6.723000422e-03 -9.080436655e-03 9.999361714e-01 3.916810845e+01
9.995844945e-01 2.845880926e-02 -4.575436861e-03 5.399962454e-01 -2.840877038e-02 9.995396146e-01 1.065366292e-02 2.046810528e-01 4.876521105e-03 -1.051925250e-02 9.999327802e-01 4.023240621e+01
9.995672218e-01 2.933584163e-02 -2.185739976e-03 5.698666335e-01 -2.931142687e-02 9.995154654e-01 1.047256586e-02 2.199498161e-01 2.491902503e-03 -1.040396520e-02 9.999427723e-01 4.140229371e+01
9.995863765e-01 2.875734893e-02 3.013581173e-04 5.975014176e-01 -2.875891151e-02 9.995433590e-01 9.273534219e-03 2.481998736e-01 -3.453827389e-05 -9.278364127e-03 9.999569545e-01 4.245788899e+01
9.996368626e-01 2.682096559e-02 2.603590947e-03 6.238233657e-01 -2.684207874e-02 9.996040313e-01 8.442954357e-03 2.734866451e-01 -2.376111929e-03 -8.509773220e-03 9.999609682e-01 4.352196788e+01
9.996512004e-01 2.586100647e-02 5.355918810e-03 6.527768369e-01 -2.590830382e-02 9.996241912e-01 8.957460276e-03 2.907586974e-01 -5.122257283e-03 -9.093097653e-03 9.999455375e-01 4.470781581e+01
9.996720557e-01 2.436890664e-02 7.870039587e-03 7.149080904e-01 -2.444646081e-02 9.996519931e-01 9.912777362e-03 3.196842757e-01 -7.625737519e-03 -1.010191999e-02 9.999198965e-01 4.578061688e+01
9.996770489e-01 2.327914595e-02 1.019212148e-02 7.734989831e-01 -2.337856189e-02 9.996791793e-01 9.745832953e-03 3.406338120e-01 -9.961977361e-03 -9.980961543e-03 9.999005648e-01 4.686141544e+01
9.996492722e-01 2.332303057e-02 1.254467314e-02 8.404524359e-01 -2.342975776e-02 9.996899522e-01 8.428872108e-03 3.496167925e-01 -1.234419733e-02 -8.719833547e-03 9.998857861e-01 4.806069681e+01
9.996790365e-01 2.080958256e-02 1.444940713e-02 8.984191283e-01 -2.092337879e-02 9.997508944e-01 7.769261006e-03 3.600959841e-01 -1.428413317e-02 -8.069096882e-03 9.998654176e-01 4.915715412e+01
9.996630825e-01 2.058552105e-02 1.581005324e-02 9.580196054e-01 -2.071232537e-02 9.997542737e-01 7.898851539e-03 3.678412630e-01 -1.564356691e-02 -8.223652337e-03 9.998438130e-01 5.025611275e+01
9.997103335e-01 1.631288877e-02 1.769572707e-02 1.030511473e+00 -1.646883548e-02 9.998265035e-01 8.702891424e-03 3.686541885e-01 -1.755068829e-02 -8.991797517e-03 9.998055416e-01 5.146797798e+01
9.997205057e-01 1.466264327e-02 1.854501241e-02 1.086934761e+00 -1.480847851e-02 9.998603057e-01 7.751000901e-03 3.606408472e-01 -1.842877231e-02 -8.023457082e-03 9.997979818e-01 5.257306787e+01
9.997244796e-01 1.393982583e-02 1.888507609e-02 1.139024422e+00 -1.399759876e-02 9.998977349e-01 2.930342738e-03 3.470721980e-01 -1.884229703e-02 -3.193880766e-03 9.998173668e-01 5.367783843e+01
9.997223133e-01 1.321858342e-02 1.950808337e-02 1.186917375e+00 -1.321202093e-02 9.999126091e-01 -4.653509994e-04 3.455193353e-01 -1.951253054e-02 2.074805007e-04 9.998095909e-01 5.489096092e+01
9.996657411e-01 1.560995771e-02 2.060910905e-02 1.229532640e+00 -1.564311398e-02 9.998765898e-01 1.448460793e-03 3.397203620e-01 -2.058395602e-02 -1.770367121e-03 9.997865605e-01 5.599765556e+01
9.996195957e-01 1.701073512e-02 2.170941640e-02 1.269499766e+00 -1.712022138e-02 9.998415913e-01 4.867276208e-03 3.360926775e-01 -2.162318229e-02 -5.237094142e-03 9.997524748e-01 5.710493746e+01
9.996255368e-01 1.653258224e-02 2.180504507e-02 1.294047514e+00 -1.665348419e-02 9.998468755e-01 5.374667287e-03 3.316420044e-01 -2.171284986e-02 -5.735784040e-03 9.997477947e-01 5.831904266e+01
9.996503472e-01 1.532982978e-02 2.154482879e-02 1.318122490e+00 -1.543667130e-02 9.998693194e-01 4.801385290e-03 3.265189500e-01 -2.146840968e-02 -5.132286376e-03 9.997563538e-01 5.942558023e+01
9.996963035e-01 1.320562128e-02 2.080654744e-02 1.333549215e+00 -1.330312992e-02 9.999011348e-01 4.554917552e-03 3.154617118e-01 -2.074434065e-02 -4.830325940e-03 9.997731444e-01 6.063684785e+01
9.997301767e-01 1.233918624e-02 1.968040265e-02 1.358559527e+00 -1.243976181e-02 9.999101414e-01 4.996134506e-03 3.097689216e-01 -1.961698670e-02 -5.239605401e-03 9.997938389e-01 6.174122449e+01
9.997733014e-01 1.115676486e-02 1.813484250e-02 1.384189492e+00 -1.126473990e-02 9.999193639e-01 5.862707677e-03 2.984883809e-01 -1.806797200e-02 -6.065662241e-03 9.998183616e-01 6.284768462e+01
9.997842758e-01 1.281258670e-02 1.634746139e-02 1.404978495e+00 -1.290068400e-02 9.999027634e-01 5.294902716e-03 2.784666357e-01 -1.627803102e-02 -5.504653319e-03 9.998523514e-01 6.395517415e+01
9.998013388e-01 1.365017567e-02 1.452431532e-02 1.440283557e+00 -1.371937006e-02 9.998949563e-01 4.674965892e-03 2.615186469e-01 -1.445897607e-02 -4.873301090e-03 9.998835877e-01 6.517427080e+01
9.997866653e-01 1.590998936e-02 1.317179392e-02 1.467514705e+00 -1.599391685e-02 9.998522984e-01 6.290939463e-03 2.452233138e-01 -1.306976014e-02 -6.500265248e-03 9.998934583e-01 6.628444966e+01
9.997602030e-01 1.851084090e-02 1.169979935e-02 1.493881712e+00 -1.860823745e-02 9.997926399e-01 8.271078213e-03 2.398799493e-01 -1.154426911e-02 -8.486806529e-03 9.998973467e-01 6.739306651e+01
9.997227854e-01 2.144558638e-02 9.717985437e-03 1.509108926e+00 -2.152432458e-02 9.997357452e-01 8.071137400e-03 2.385885472e-01 -9.542327509e-03 -8.278072105e-03 9.999202056e-01 6.861850180e+01
9.996788942e-01 2.415507523e-02 7.657733117e-03 1.529192766e+00 -2.420193508e-02 9.996885629e-01 6.086344699e-03 2.342507280e-01 -7.508332392e-03 -6.269721592e-03 9.999521566e-01 6.973376193e+01
9.996482863e-01 2.588213439e-02 5.780908961e-03 1.549258539e+00 -2.590946263e-02 9.996532314e-01 4.702845090e-03 2.399077238e-01 -5.657184876e-03 -4.850970731e-03 9.999722318e-01 7.084976571e+01
9.996061666e-01 2.780013485e-02 3.829381876e-03 1.567760614e+00 -2.781717672e-02 9.996030322e-01 4.470197345e-03 2.421454596e-01 -3.703589795e-03 -4.574958902e-03 9.999826764e-01 7.208146060e+01
9.995633596e-01 2.949040219e-02 1.845630216e-03 1.582001523e+00 -2.949637448e-02 9.995594583e-01 3.294417162e-03 2.410292087e-01 -1.747663527e-03 -3.347417698e-03 9.999928702e-01 7.320175841e+01
9.995596174e-01 2.967290012e-02 3.004486100e-04 1.593769808e+00 -2.967357703e-02 9.995563698e-01 2.557823953e-03 2.474062224e-01 -2.244172850e-04 -2.565612615e-03 9.999966836e-01 7.432267874e+01
9.995470053e-01 3.006824226e-02 -1.298048352e-03 1.601620793e+00 -3.006309985e-02 9.995407126e-01 3.817583451e-03 2.545812748e-01 1.412240237e-03 -3.776830303e-03 9.999918705e-01 7.555078500e+01
9.995276336e-01 3.061865497e-02 -2.647204161e-03 1.596761926e+00 -3.060224173e-02 9.995134243e-01 6.034684551e-03 2.580642321e-01 2.830690104e-03 -5.950822888e-03 9.999782872e-01 7.666819083e+01
9.995233875e-01 3.059876239e-02 -4.088224537e-03 1.594276652e+00 -3.056900127e-02 9.995070489e-01 7.155090542e-03 2.657065901e-01 4.305146293e-03 -7.026706569e-03 9.999660450e-01 7.778580258e+01
9.995002262e-01 3.107208101e-02 -5.815805396e-03 1.586342093e+00 -3.102796630e-02 9.994901630e-01 7.528565263e-03 2.791903403e-01 6.046768671e-03 -7.344349203e-03 9.999547475e-01 7.901566678e+01
9.994993740e-01 3.082498409e-02 -7.128940097e-03 1.583731700e+00 -3.077268215e-02 9.994995013e-01 7.334097399e-03 2.928002666e-01 7.351445753e-03 -7.111048307e-03 9.999476932e-01 8.013688167e+01
9.994845808e-01 3.086470884e-02 -8.828505050e-03 1.573665728e+00 -3.078894341e-02 9.994889671e-01 8.593348090e-03 3.146237394e-01 9.089224886e-03 -8.317097585e-03 9.999241031e-01 8.137264500e+01
9.994979156e-01 2.997995854e-02 -1.025274462e-02 1.570643805e+00 -2.986780744e-02 9.994941769e-01 1.092265892e-02 3.307290205e-01 1.057501976e-02 -1.061094657e-02 9.998877821e-01 8.249950363e+01
9.995360980e-01 2.801727982e-02 -1.194239356e-02 1.572279204e+00 -2.786784209e-02 9.995334388e-01 1.250152489e-02 3.450731629e-01 1.228708084e-02 -1.216291524e-02 9.998505344e-01 8.362649626e+01
9.995447780e-01 2.671498853e-02 -1.401949138e-02 1.577915571e+00 -2.653200666e-02 9.995623891e-01 1.307986753e-02 3.591142632e-01 1.436278530e-02 -1.270194654e-02 9.998161686e-01 8.486551848e+01
9.995354782e-01 2.598259642e-02 -1.592898323e-02 1.579659112e+00 -2.578672413e-02 9.995907897e-01 1.238135309e-02 3.734544493e-01 1.624416518e-02 -1.196484396e-02 9.997964641e-01 8.599362752e+01
9.994864389e-01 2.666605420e-02 -1.777020337e-02 1.582850850e+00 -2.647359170e-02 9.995892151e-01 1.097952122e-02 3.885124701e-01 1.805568477e-02 -1.050344020e-02 9.997818112e-01 8.712390197e+01
9.994486181e-01 2.674777385e-02 -1.967273414e-02 1.586504586e+00 -2.654645992e-02 9.995932267e-01 1.042432230e-02 4.068082103e-01 1.994355991e-02 -9.896331875e-03 9.997521278e-01 8.837305526e+01
9.993952818e-01 2.776955834e-02 -2.092659715e-02 1.591526969e+00 -2.754314400e-02 9.995597453e-01 1.103135389e-02 4.195512998e-01 2.122372068e-02 -1.044829749e-02 9.997201542e-01 8.951200046e+01
9.993561720e-01 2.865437370e-02 -2.159093319e-02 1.592661699e+00 -2.843257752e-02 9.995404502e-01 1.051080464e-02 4.322671963e-01 2.188219237e-02 -9.890150409e-03 9.997116357e-01 9.064965556e+01
9.993745873e-01 2.780459360e-02 -2.184808581e-02 1.596042419e+00 -2.758814737e-02 9.995678744e-01 1.014685328e-02 4.466481344e-01 2.212077460e-02 -9.537757933e-03 9.997098091e-01 9.190055900e+01
9.994166951e-01 2.615366265e-02 -2.196031478e-02 1.593800413e+00 -2.591526302e-02 9.996028321e-01 1.107145723e-02 4.738566639e-01 2.224115278e-02 -1.049589059e-02 9.996975380e-01 9.303062851e+01
9.994888635e-01 2.346066146e-02 -2.171656266e-02 1.593505444e+00 -2.320999751e-02 9.996618684e-01 1.172368672e-02 4.986874482e-01 2.198426582e-02 -1.121365160e-02 9.996954266e-01 9.415914752e+01
9.995499269e-01 2.113099003e-02 -2.129377625e-02 1.595226039e+00 -2.087925038e-02 9.997102722e-01 1.197616538e-02 5.263115474e-01 2.154067583e-02 -1.152617576e-02 9.997015287e-01 9.539696852e+01
9.996242311e-01 1.876817038e-02 -1.997879896e-02 1.598650209e+00 -1.853298980e-02 9.997575197e-01 1.189243777e-02 5.479447507e-01 2.019715450e-02 -1.151770071e-02 9.997296722e-01 9.652150299e+01
9.996857037e-01 1.734857419e-02 -1.809753922e-02 1.602650422e+00 -1.712144598e-02 9.997736349e-01 1.263071816e-02 5.704589494e-01 1.831256815e-02 -1.231689087e-02 9.997564424e-01 9.764347722e+01
9.997227202e-01 1.750329702e-02 -1.575173936e-02 1.606580746e+00 -1.732593637e-02 9.997857346e-01 1.132681719e-02 5.901192146e-01 1.594662150e-02 -1.105076154e-02 9.998117752e-01 9.887405070e+01
9.997889619e-01 1.567999718e-02 -1.327287874e-02 1.615509764e+00 -1.555390539e-02 9.998334167e-01 9.550647735e-03 6.096075323e-01 1.342042229e-02 -9.342185973e-03 9.998662990e-01 9.998859639e+01
9.998263600e-01 1.513038503e-02 -1.087756312e-02 1.626643944e+00 -1.504978447e-02 9.998589605e-01 7.454069545e-03 6.235424420e-01 1.098881227e-02 -7.289069371e-03 9.999130540e-01 1.012125118e+02
9.998395362e-01 1.582164112e-02 -8.401047033e-03 1.638543452e+00 -1.578790163e-02 9.998670894e-01 4.067636750e-03 6.320052182e-01 8.464287430e-03 -3.934348659e-03 9.999564374e-01 1.023221675e+02
9.998614517e-01 1.551614095e-02 -6.027170739e-03 1.654756032e+00 -1.549833125e-02 9.998754205e-01 2.990841797e-03 6.374941845e-01 6.072826412e-03 -2.897015979e-03 9.999773638e-01 1.034346130e+02
9.998664108e-01 1.596490673e-02 -3.504623953e-03 1.674195864e+00 -1.594528170e-02 9.998574142e-01 5.558708608e-03 6.420935636e-01 3.592868623e-03 -5.502083163e-03 9.999784090e-01 1.046586203e+02
9.998495594e-01 1.728796703e-02 -1.408851856e-03 1.692077443e+00 -1.727602218e-02 9.998180134e-01 8.091911662e-03 6.477174477e-01 1.548488199e-03 -8.066354020e-03 9.999662675e-01 1.057689521e+02
9.998628340e-01 1.656234255e-02 4.405709142e-05 1.712525099e+00 -1.656214390e-02 9.998287176e-01 8.260191804e-03 6.546004871e-01 9.275856106e-05 -8.259787515e-03 9.999658831e-01 1.068778531e+02
9.998729584e-01 1.591717845e-02 8.428738384e-04 1.724070186e+00 -1.592314635e-02 9.998441816e-01 7.620103395e-03 6.679124520e-01 -7.214520054e-04 -7.632555650e-03 9.999706114e-01 1.080968764e+02
9.998938427e-01 1.455055021e-02 7.646983903e-04 1.734328798e+00 -1.455540149e-02 9.998711269e-01 6.772721665e-03 6.780393658e-01 -6.660530581e-04 -6.783132404e-03 9.999767725e-01 1.092049610e+02
9.998886385e-01 1.492322986e-02 8.848184087e-05 1.730567139e+00 -1.492348385e-02 9.998632978e-01 7.118655878e-03 6.822794442e-01 1.776357323e-05 -7.119182771e-03 9.999746581e-01 1.103168002e+02
9.998862055e-01 1.507142565e-02 -6.544213858e-04 1.734699395e+00 -1.506605266e-02 9.998579109e-01 7.561213139e-03 6.875108964e-01 7.682866680e-04 -7.550492295e-03 9.999711995e-01 1.115418887e+02
9.998500828e-01 1.725758659e-02 -1.409875575e-03 1.727616963e+00 -1.724630047e-02 9.998219214e-01 7.660981959e-03 6.871240308e-01 1.541834600e-03 -7.635517424e-03 9.999696603e-01 1.126598700e+02
9.998350395e-01 1.806942731e-02 -1.841120935e-03 1.726914671e+00 -1.805524654e-02 9.998092401e-01 7.449255493e-03 6.921550283e-01 1.975373554e-03 -7.414783907e-03 9.999705590e-01 1.137769840e+02
9.997599552e-01 2.175253782e-02 -2.619003863e-03 1.720643858e+00 -2.173291367e-02 9.997371392e-01 7.302937513e-03 6.958239496e-01 2.777172934e-03 -7.244265051e-03 9.999699035e-01 1.150071981e+02
9.997211172e-01 2.338952739e-02 -3.258499865e-03 1.720459903e+00 -2.336605680e-02 9.997020134e-01 7.064831124e-03 7.020331006e-01 3.422772041e-03 -6.986721755e-03 9.999697347e-01 1.161227423e+02
9.996762354e-01 2.514967917e-02 -3.862395581e-03 1.722950461e+00 -2.512093059e-02 9.996576157e-01 7.320532791e-03 7.043029701e-01 4.045182335e-03 -7.221134844e-03 9.999657453e-01 1.172396811e+02
9.996036938e-01 2.780724707e-02 -4.383186542e-03 1.720478008e+00 -2.777152933e-02 9.995822022e-01 8.010191922e-03 6.908995953e-01 4.604096786e-03 -7.885288716e-03 9.999583114e-01 1.184667889e+02
9.995339250e-01 3.018451786e-02 -4.563737613e-03 1.715756909e+00 -3.014457010e-02 9.995086948e-01 8.583347622e-03 6.836204573e-01 4.820579785e-03 -8.441774240e-03 9.999527481e-01 1.195710677e+02
9.994851569e-01 3.175080364e-02 -4.616027598e-03 1.708795399e+00 -3.171273920e-02 9.994642117e-01 8.098872904e-03 6.747398362e-01 4.870700261e-03 -7.948315442e-03 9.999565493e-01 1.206706021e+02
9.993689337e-01 3.521861531e-02 -4.624218637e-03 1.706079022e+00 -3.518421951e-02 9.993540274e-01 7.321113921e-03 6.736708888e-01 4.879071168e-03 -7.153793446e-03 9.999625082e-01 1.218782785e+02
9.993019356e-01 3.705149736e-02 -4.777859564e-03 1.701014696e+00 -3.702077119e-02 9.992942083e-01 6.367708510e-03 6.654022495e-01 5.010420688e-03 -6.186382661e-03 9.999683117e-01 1.229753136e+02
9.992832767e-01 3.754511350e-02 -4.826737550e-03 1.694768159e+00 -3.751909790e-02 9.992814653e-01 5.373116070e-03 6.627764044e-01 5.025003790e-03 -5.188169574e-03 9.999739158e-01 1.240689305e+02
9.992343720e-01 3.883259079e-02 -4.764424536e-03 1.681153888e+00 -3.880138470e-02 9.992259485e-01 6.477375944e-03 6.595365524e-01 5.012270077e-03 -6.287549668e-03 9.999676714e-01 1.252684944e+02
9.992004446e-01 3.969367968e-02 -4.783649302e-03 1.674602897e+00 -3.965503460e-02 9.991820364e-01 7.920625259e-03 6.605006875e-01 5.094135374e-03 -7.724595590e-03 9.999571893e-01 1.263564817e+02
9.991665684e-01 4.058065001e-02 -4.402206929e-03 1.670173450e+00 -4.053990956e-02 9.991375585e-01 8.980812154e-03 6.624809414e-01 4.762857624e-03 -8.794861157e-03 9.999499815e-01 1.274405707e+02
9.990792356e-01 4.271579654e-02 -4.005212910e-03 1.644599761e+00 -4.268405571e-02 9.990589278e-01 7.702610721e-03 6.694462065e-01 4.330467001e-03 -7.524558813e-03 9.999623133e-01 1.286115690e+02
9.990097065e-01 4.434518627e-02 -3.620877743e-03 1.630067513e+00 -4.431884660e-02 9.989925024e-01 7.058336183e-03 6.782461620e-01 3.930233071e-03 -6.890872419e-03 9.999685341e-01 1.296768805e+02
9.989896875e-01 4.483951558e-02 -3.003677527e-03 1.614271265e+00 -4.481482935e-02 9.989645656e-01 7.837596452e-03 6.874772691e-01 3.352001541e-03 -7.695067830e-03 9.999647744e-01 1.308444236e+02
9.989780471e-01 4.513505457e-02 -2.384997901e-03 1.608897458e+00 -4.511139379e-02 9.989397104e-01 9.187886915e-03 7.089673114e-01 2.797164963e-03 -9.070905686e-03 9.999549462e-01 1.318999387e+02
9.990297998e-01 4.400354510e-02 -1.773989411e-03 1.590778644e+00 -4.398070002e-02 9.989680490e-01 1.133733211e-02 7.231653753e-01 2.271041594e-03 -1.124831002e-02 9.999341568e-01 1.329519421e+02
9.991525794e-01 4.113612689e-02 -1.393600036e-03 1.588498674e+00 -4.111315680e-02 9.990600103e-01 1.374060641e-02 7.361959858e-01 1.957525426e-03 -1.367166545e-02 9.999046223e-01 1.341134180e+02
9.991929231e-01 4.015115819e-02 -1.177672100e-03 1.557881135e+00 -4.013208937e-02 9.991066324e-01 1.324207710e-02 7.400072023e-01 1.708304761e-03 -1.318412576e-02 9.999116263e-01 1.351661021e+02
9.992534139e-01 3.861427553e-02 -1.246015340e-03 1.541597989e+00 -3.859773226e-02 9.991906378e-01 1.132627319e-02 7.492824903e-01 1.682362724e-03 -1.126972247e-02 9.999350794e-01 1.362133658e+02
9.993185711e-01 3.689635980e-02 -1.025742184e-03 1.521392223e+00 -3.688320402e-02 9.992615371e-01 1.077078375e-02 7.589479010e-01 1.422387444e-03 -1.072561032e-02 9.999414673e-01 1.373629866e+02
9.993793700e-01 3.522468221e-02 -3.106623144e-04 1.511644957e+00 -3.521711445e-02 9.992855087e-01 1.371958168e-02 7.697768162e-01 7.937082430e-04 -1.370012468e-02 9.999058339e-01 1.384091399e+02
9.993360977e-01 3.643299497e-02 2.800088657e-05 1.504683245e+00 -3.642882362e-02 9.992092862e-01 1.592931908e-02 7.843722343e-01 5.523740308e-04 -1.591976177e-02 9.998731200e-01 1.394501682e+02
9.994369525e-01 3.355156489e-02 -2.654987505e-04 1.499431024e+00 -3.354410862e-02 9.993303541e-01 1.461629758e-02 7.963733496e-01 7.557206031e-04 -1.459916031e-02 9.998931410e-01 1.405911513e+02
9.994582509e-01 3.290568238e-02 -6.486216057e-04 1.498606794e+00 -3.289330956e-02 9.993597479e-01 1.407567187e-02 7.986280661e-01 1.111375912e-03 -1.404670945e-02 9.999007225e-01 1.416326046e+02
9.994691135e-01 3.257817944e-02 -3.915881990e-04 1.493467229e+00 -3.256892275e-02 9.993615405e-01 1.468933724e-02 7.988300241e-01 8.698900402e-04 -1.466878357e-02 9.998920292e-01 1.426729582e+02
9.994962960e-01 3.173568580e-02 -2.120053035e-05 1.494901462e+00 -3.173119990e-02 9.993656649e-01 1.616783039e-02 8.075548288e-01 5.342842413e-04 -1.615901201e-02 9.998692919e-01 1.438062934e+02
9.994883020e-01 3.198449350e-02 3.553693240e-04 1.493039805e+00 -3.198578968e-02 9.993326894e-01 1.763760874e-02 8.074760463e-01 2.089977578e-04 -1.763994834e-02 9.998443821e-01 1.448412992e+02
9.995219335e-01 3.090900716e-02 7.333502954e-04 1.493133358e+00 -3.091716256e-02 9.993642168e-01 1.775644442e-02 8.122625790e-01 -1.840500323e-04 -1.777062672e-02 9.998420730e-01 1.458666359e+02
9.995995474e-01 2.827416434e-02 1.147420713e-03 1.493345112e+00 -2.828938517e-02 9.994605952e-01 1.668020810e-02 8.212027798e-01 -6.751829146e-04 -1.670598637e-02 9.998602173e-01 1.469817936e+02
9.996762387e-01 2.539582834e-02 1.571554632e-03 1.505014022e+00 -2.541529574e-02 9.995797882e-01 1.393950625e-02 8.357214658e-01 -1.216889022e-03 -1.397493309e-02 9.999016054e-01 1.479817646e+02
9.997166041e-01 2.372984806e-02 1.898922242e-03 1.520532039e+00 -2.374830351e-02 9.996641922e-01 1.036922581e-02 8.528137947e-01 -1.652224506e-03 -1.041138220e-02 9.999444351e-01 1.489757217e+02
9.997923051e-01 2.024700144e-02 2.325005733e-03 1.542464832e+00 -2.026265651e-02 9.997707546e-01 6.918302174e-03 8.704987725e-01 -2.184397962e-03 -6.963975271e-03 9.999733654e-01 1.500651634e+02
9.997948699e-01 2.009759379e-02 2.510936908e-03 1.559974501e+00 -2.010955307e-02 9.997861118e-01 4.830789590e-03 8.804231883e-01 -2.413312704e-03 -4.880291909e-03 9.999851792e-01 1.510537115e+02
9.997883522e-01 2.026943185e-02 3.521507020e-03 1.576036281e+00 -2.028465030e-02 9.997848251e-01 4.340090118e-03 8.882111058e-01 -3.432778258e-03 -4.410603583e-03 9.999843812e-01 1.521375029e+02
9.997485065e-01 2.202499097e-02 4.221799228e-03 1.584971930e+00 -2.205125075e-02 9.997371362e-01 6.277011272e-03 8.955322971e-01 -4.082438521e-03 -6.368527871e-03 9.999713874e-01 1.531181282e+02
9.997082475e-01 2.347609120e-02 5.682700467e-03 1.596748563e+00 -2.352906853e-02 9.996785656e-01 9.441837922e-03 9.052351346e-01 -5.459216630e-03 -9.572790801e-03 9.999392775e-01 1.540979115e+02
9.996047526e-01 2.718406338e-02 7.166961890e-03 1.607160930e+00 -2.725651236e-02 9.995763084e-01 1.021206165e-02 9.162319468e-01 -6.886320257e-03 -1.040337056e-02 9.999221712e-01 1.551631030e+02
9.995421087e-01 2.887160472e-02 9.055573266e-03 1.620573699e+00 -2.895437076e-02 9.995388971e-01 9.145362436e-03 9.285224057e-01 -8.787356773e-03 -9.403372216e-03 9.999171760e-01 1.561242804e+02
9.994787417e-01 3.045220348e-02 1.071952707e-02 1.634885056e+00 -3.052668475e-02 9.995104519e-01 6.854051423e-03 9.391674915e-01 -1.050555879e-02 -7.177709510e-03 9.999190536e-01 1.570740561e+02
9.994275714e-01 3.128383536e-02 1.287832218e-02 1.653318220e+00 -3.135279862e-02 9.994949160e-01 5.187963031e-03 9.483487081e-01 -1.270951864e-02 -5.588764118e-03 9.999036123e-01 1.581083503e+02
9.993772547e-01 3.208371452e-02 1.468802677e-02 1.671400546e+00 -3.215273296e-02 9.994728963e-01 4.486788409e-03 9.545930700e-01 -1.453633237e-02 -4.956253945e-03 9.998820583e-01 1.590360822e+02
9.993375877e-01 3.240837198e-02 1.655545752e-02 1.690959861e+00 -3.250343526e-02 9.994564614e-01 5.505308422e-03 9.598256236e-01 -1.636804152e-02 -6.039770221e-03 9.998477926e-01 1.599532803e+02
9.993329271e-01 3.140239089e-02 1.864378279e-02 1.716556427e+00 -3.155575334e-02 9.994700631e-01 7.989204670e-03 9.658452676e-01 -1.838302332e-02 -8.572192955e-03 9.997942698e-01 1.609485449e+02
9.993336407e-01 3.011583647e-02 2.062306876e-02 1.741762655e+00 -3.033956482e-02 9.994832021e-01 1.062259633e-02 9.726027988e-01 -2.029250320e-02 -1.124121155e-02 9.997308885e-01 1.618398714e+02
9.993039278e-01 2.956268157e-02 2.275319361e-02 1.766973704e+00 -2.986007291e-02 9.994715745e-01 1.284319746e-02 9.807536781e-01 -2.236149173e-02 -1.351366818e-02 9.996586140e-01 1.627178930e+02
9.992710767e-01 2.896952080e-02 2.486125781e-02 1.797583639e+00 -2.929751408e-02 9.994870851e-01 1.293145143e-02 9.894062030e-01 -2.447388907e-02 -1.365039693e-02 9.996072706e-01 1.636656636e+02
9.992244244e-01 2.889507547e-02 2.675115409e-02 1.824298870e+00 -2.922183819e-02 9.995020489e-01 1.190539015e-02 1.007173287e+00 -2.639382717e-02 -1.267787312e-02 9.995712268e-01 1.645124320e+02
9.991799782e-01 2.880685904e-02 2.845234756e-02 1.854011558e+00 -2.911036216e-02 9.995230229e-01 1.031084825e-02 1.022745834e+00 -2.814175435e-02 -1.113065006e-02 9.995419703e-01 1.654279717e+02
9.991401065e-01 2.876786152e-02 2.985729050e-02 1.881648787e+00 -2.905202555e-02 9.995362275e-01 9.127411195e-03 1.036888880e+00 -2.958086852e-02 -9.986976284e-03 9.995124975e-01 1.662451154e+02
9.990640921e-01 2.985441010e-02 3.129942648e-02 1.908734233e+00 -3.013867555e-02 9.995082998e-01 8.649785163e-03 1.047485930e+00 -3.102580347e-02 -9.585011994e-03 9.994726245e-01 1.670483806e+02
9.989984537e-01 3.034464366e-02 3.288300539e-02 1.939853381e+00 -3.064580334e-02 9.994925019e-01 8.693296968e-03 1.056740162e+00 -3.260252354e-02 -9.692315310e-03 9.994213999e-01 1.679141297e+02
9.989971157e-01 2.905168156e-02 3.406996683e-02 1.971146346e+00 -2.940323769e-02 9.995189679e-01 9.863187170e-03 1.064359785e+00 -3.376703717e-02 -1.085506170e-02 9.993707795e-01 1.686853823e+02
9.990211395e-01 2.722052700e-02 3.486840640e-02 2.003417965e+00 -2.762314587e-02 9.995565845e-01 1.111738606e-02 1.072173827e+00 -3.455032539e-02 -1.206967747e-02 9.993300746e-01 1.694406047e+02
9.989800291e-01 2.727695793e-02 3.598428920e-02 2.036414808e+00 -2.768917537e-02 9.995559781e-01 1.100710114e-02 1.080686235e+00 -3.566807249e-02 -1.199224823e-02 9.992917365e-01 1.702495594e+02
9.989373158e-01 2.759244793e-02 3.691741991e-02 2.064651607e+00 -2.795703511e-02 9.995649648e-01 9.396029703e-03 1.087781583e+00 -3.664210143e-02 -1.041814519e-02 9.992741459e-01 1.709653644e+02
9.989224905e-01 2.727620309e-02 3.754819123e-02 2.094852405e+00 -2.756925743e-02 9.995931743e-01 7.309026608e-03 1.094188000e+00 -3.733355455e-02 -8.336325946e-03 9.992680879e-01 1.716608533e+02
9.989304694e-01 2.542196371e-02 3.862176888e-02 2.129822661e+00 -2.568237022e-02 9.996505456e-01 6.261194179e-03 1.101789701e+00 -3.844910190e-02 -7.246395469e-03 9.992342850e-01 1.724063666e+02
9.988826194e-01 2.561636347e-02 3.971541886e-02 2.158991623e+00 -2.590456281e-02 9.996415713e-01 6.758882253e-03 1.107336303e+00 -3.952804720e-02 -7.780139776e-03 9.991881720e-01 1.730634392e+02
9.988027596e-01 2.650141194e-02 4.111839544e-02 2.186426661e+00 -2.684823558e-02 9.996082617e-01 7.905401929e-03 1.111697378e+00 -4.089278499e-02 -8.999892698e-03 9.991230065e-01 1.737031878e+02
9.987278258e-01 2.670199150e-02 4.277538540e-02 2.218368673e+00 -2.710523502e-02 9.995931900e-01 8.874718952e-03 1.115140671e+00 -4.252101286e-02 -1.002286459e-02 9.990452971e-01 1.743858291e+02
9.986627179e-01 2.640132034e-02 4.444936547e-02 2.248499646e+00 -2.682785119e-02 9.995993127e-01 9.026655451e-03 1.118912255e+00 -4.419324119e-02 -1.020706417e-02 9.989708571e-01 1.749869713e+02
9.985509495e-01 2.703324701e-02 4.653175975e-02 2.277984119e+00 -2.742416504e-02 9.995935866e-01 7.783105659e-03 1.122653347e+00 -4.630244771e-02 -9.047921281e-03 9.988864893e-01 1.755714154e+02
9.983946538e-01 2.735781524e-02 4.959501188e-02 2.311693028e+00 -2.766158488e-02 9.996024946e-01 5.448813030e-03 1.126606750e+00 -4.942623179e-02 -6.811941770e-03 9.987545470e-01 1.761945194e+02
9.982958820e-01 2.592283576e-02 5.228133877e-02 2.341131310e+00 -2.616538286e-02 9.996497843e-01 3.959976159e-03 1.130445571e+00 -5.216037712e-02 -5.321188657e-03 9.986245441e-01 1.767422242e+02
9.981427281e-01 2.490048868e-02 5.559730184e-02 2.378247362e+00 -2.515640229e-02 9.996758901e-01 3.907708426e-03 1.133546014e+00 -5.548198039e-02 -5.299078371e-03 9.984456268e-01 1.773337925e+02
9.979730519e-01 2.465389626e-02 5.866833014e-02 2.416711118e+00 -2.496222257e-02 9.996781397e-01 4.528176214e-03 1.135237330e+00 -5.853781210e-02 -5.983489211e-03 9.982672601e-01 1.778624097e+02
9.977523510e-01 2.612115259e-02 6.170843783e-02 2.456644136e+00 -2.645799554e-02 9.996391219e-01 4.647618038e-03 1.119828805e+00 -6.156476973e-02 -6.269852832e-03 9.980833974e-01 1.783833377e+02
9.975338482e-01 2.665156678e-02 6.493008255e-02 2.490636430e+00 -2.705061072e-02 9.996201516e-01 5.274173591e-03 1.122278406e+00 -6.476485635e-02 -7.017564422e-03 9.978758777e-01 1.789212660e+02
9.973636019e-01 2.627179479e-02 6.764346409e-02 2.534586421e+00 -2.676451693e-02 9.996213556e-01 6.387962152e-03 1.125421425e+00 -6.745003052e-02 -8.181564812e-03 9.976891077e-01 1.793863858e+02
9.971788057e-01 2.619580749e-02 7.034350607e-02 2.587780504e+00 -2.671241793e-02 9.996225871e-01 6.413273826e-03 1.123916172e+00 -7.014895921e-02 -8.274225095e-03 9.975022110e-01 1.798354891e+02
9.970096481e-01 2.417937984e-02 7.339699621e-02 2.661730640e+00 -2.471434144e-02 9.996741380e-01 6.388987392e-03 1.115507275e+00 -7.321859985e-02 -8.183839743e-03 9.972823380e-01 1.803175068e+02
9.968822000e-01 2.353982490e-02 7.531105974e-02 2.712237787e+00 -2.419839320e-02 9.996764027e-01 7.843952484e-03 1.101110866e+00 -7.510204678e-02 -9.641902330e-03 9.971292376e-01 1.807564326e+02
9.967297083e-01 2.567364518e-02 7.662083495e-02 2.756665081e+00 -2.631193776e-02 9.996268888e-01 7.332471385e-03 1.085321954e+00 -7.640399840e-02 -9.324533829e-03 9.970333406e-01 1.811795573e+02
9.965804816e-01 2.813909353e-02 7.768870526e-02 2.804202476e+00 -2.867729481e-02 9.995717758e-01 5.820463828e-03 1.066732915e+00 -7.749165734e-02 -8.028461824e-03 9.969606748e-01 1.816267266e+02
9.965692821e-01 2.913880929e-02 7.746351032e-02 2.841550415e+00 -2.964369202e-02 9.995460747e-01 5.375511561e-03 1.055196967e+00 -7.727171450e-02 -7.653373457e-03 9.969806960e-01 1.819796260e+02
9.967671372e-01 3.039093141e-02 7.437516608e-02 2.874951191e+00 -3.091721598e-02 9.995043298e-01 5.934678595e-03 1.050223938e+00 -7.415794284e-02 -8.214964911e-03 9.972126725e-01 1.823522101e+02
9.969537684e-01 3.164610053e-02 7.128609867e-02 2.908345463e+00 -3.219001644e-02 9.994606710e-01 6.493839930e-03 1.045252506e+00 -7.104214991e-02 -8.768758050e-03 9.974347708e-01 1.827247785e+02
9.971291629e-01 3.290427841e-02 6.819633969e-02 2.941733279e+00 -3.346209027e-02 9.994151008e-01 7.052993355e-03 1.040282670e+00 -6.792438055e-02 -9.314736536e-03 9.976469889e-01 1.830973311e+02
9.972933082e-01 3.416542676e-02 6.510592073e-02 2.975114709e+00 -3.473343436e-02 9.993676220e-01 7.612136661e-03 1.035314425e+00 -6.480467966e-02 -9.852884207e-03 9.978493245e-01 1.834698679e+02
9.974461917e-01 3.542950718e-02 6.201487339e-02 3.008489801e+00 -3.600404561e-02 9.993182371e-01 8.171267638e-03 1.030347768e+00 -6.168309224e-02 -1.038318508e-02 9.980417756e-01 1.838423890e+02
9.976440730e-01 3.737319886e-02 5.752866568e-02 3.021825348e+00 -3.799674610e-02 9.992299737e-01 9.782989729e-03 1.025288160e+00 -5.711874758e-02 -1.194584259e-02 9.982959209e-01 1.840680658e+02
9.979893630e-01 3.862611587e-02 5.025190831e-02 3.037387359e+00 -3.920469120e-02 9.991752011e-01 1.057873923e-02 1.022693706e+00 -4.980184683e-02 -1.252757846e-02 9.986805475e-01 1.843598763e+02
9.982966820e-01 4.003063952e-02 4.244151940e-02 3.046964120e+00 -4.053192887e-02 9.991175067e-01 1.101683654e-02 1.024117838e+00 -4.196305559e-02 -1.271830665e-02 9.990382108e-01 1.846062171e+02
9.985896759e-01 4.087390266e-02 3.388190049e-02 3.053271972e+00 -4.128014651e-02 9.990828249e-01 1.137798610e-02 1.024424429e+00 -3.338576341e-02 -1.276058788e-02 9.993610750e-01 1.848358483e+02
9.988167015e-01 4.249675647e-02 2.364788553e-02 3.055886165e+00 -4.277798356e-02 9.990182338e-01 1.151576173e-02 1.023906535e+00 -2.313528719e-02 -1.251374262e-02 9.996540225e-01 1.850685265e+02
9.989391951e-01 4.382418280e-02 1.413949883e-02 3.054836603e+00 -4.399306104e-02 9.989614159e-01 1.186171156e-02 1.026145919e+00 -1.360498448e-02 -1.247116703e-02 9.998296727e-01 1.852642525e+02
9.989721419e-01 4.506350913e-02 4.892837555e-03 3.052787207e+00 -4.512066525e-02 9.989061102e-01 1.227634777e-02 1.027365205e+00 -4.334270215e-03 -1.248449608e-02 9.999126719e-01 1.854439337e+02
9.989111315e-01 4.637868748e-02 -5.056551656e-03 3.047606467e+00 -4.630996420e-02 9.988431245e-01 1.295376537e-02 1.030512862e+00 5.651480658e-03 -1.270549021e-02 9.999033110e-01 1.856252535e+02
9.987501248e-01 4.795235533e-02 -1.409821800e-02 3.041079659e+00 -4.775802518e-02 9.987634277e-01 1.381255460e-02 1.030189432e+00 1.474312956e-02 -1.312198602e-02 9.998052078e-01 1.857725792e+02
9.984956686e-01 4.905184779e-02 -2.450134293e-02 3.032148207e+00 -4.874015436e-02 9.987247754e-01 1.316132146e-02 1.030866992e+00 2.511568623e-02 -1.194732178e-02 9.996131571e-01 1.859131838e+02
9.980411228e-01 5.063800993e-02 -3.673838480e-02 3.019684368e+00 -5.024234970e-02 9.986695150e-01 1.161491841e-02 1.031609485e+00 3.727766261e-02 -9.746342209e-03 9.992574166e-01 1.860642513e+02
9.975250485e-01 5.110563205e-02 -4.829070206e-02 3.006986890e+00 -5.061850864e-02 9.986546081e-01 1.125790969e-02 1.034281394e+00 4.880107647e-02 -8.785642442e-03 9.987698771e-01 1.862023213e+02
9.968005299e-01 5.151375707e-02 -6.111494193e-02 2.992628232e+00 -5.084262727e-02 9.986286068e-01 1.248731296e-02 1.038103711e+00 6.167439993e-02 -9.340114713e-03 9.980526192e-01 1.863416131e+02
9.958164688e-01 5.206137661e-02 -7.509442928e-02 2.973811616e+00 -5.111949622e-02 9.985885487e-01 1.441206941e-02 1.039606135e+00 7.573875205e-02 -1.051298525e-02 9.970722736e-01 1.864953490e+02
9.947171888e-01 5.315753340e-02 -8.781794005e-02 2.953385974e+00 -5.196695043e-02 9.985239641e-01 1.579016906e-02 1.041637188e+00 8.852768724e-02 -1.114312051e-02 9.960113853e-01 1.866332067e+02
9.933776128e-01 5.403380837e-02 -1.013965754e-01 2.931296547e+00 -5.256478360e-02 9.984709904e-01 1.710628797e-02 1.043566552e+00 1.021658606e-01 -1.166311284e-02 9.946990042e-01 1.867666777e+02
9.916638941e-01 5.470043630e-02 -1.166644024e-01 2.903253277e+00 -5.289294689e-02 9.984281497e-01 1.853554183e-02 1.035900356e+00 1.174949299e-01 -1.221030183e-02 9.929984141e-01 1.869213564e+02
9.898636876e-01 5.458777360e-02 -1.311108469e-01 2.885272719e+00 -5.253955050e-02 9.984374410e-01 1.903345152e-02 1.017735477e+00 1.319449770e-01 -1.195201581e-02 9.911849842e-01 1.870635130e+02
9.876118300e-01 5.450685900e-02 -1.471457602e-01 2.846880167e+00 -5.230576901e-02 9.984543328e-01 1.878967789e-02 1.006878426e+00 1.479424935e-01 -1.086033437e-02 9.889363339e-01 1.872072864e+02
9.845293353e-01 5.367858761e-02 -1.667950723e-01 2.814145115e+00 -5.145067047e-02 9.985195045e-01 1.765298159e-02 9.908265316e-01 1.674957262e-01 -8.798158464e-03 9.858335433e-01 1.873769098e+02
9.810493581e-01 5.292856455e-02 -1.863886334e-01 2.763755261e+00 -5.074638884e-02 9.985758757e-01 1.646282480e-02 9.887106841e-01 1.869945533e-01 -6.692292364e-03 9.823381553e-01 1.875330274e+02
9.767026311e-01 5.224922508e-02 -2.081393460e-01 2.705718258e+00 -4.992078193e-02 9.986180669e-01 1.642778733e-02 9.973199391e-01 2.087100580e-01 -5.654582988e-03 9.779612154e-01 1.876977899e+02
9.707574946e-01 5.177087813e-02 -2.344134399e-01 2.622128046e+00 -4.898778756e-02 9.986428159e-01 1.768397468e-02 1.006930541e+00 2.350108211e-01 -5.683453870e-03 9.719761387e-01 1.878973969e+02
9.640390066e-01 5.167725404e-02 -2.606880372e-01 2.542974505e+00 -4.830225953e-02 9.986454889e-01 1.934113312e-02 1.007106568e+00 2.613344385e-01 -6.053784132e-03 9.652293330e-01 1.881090290e+02
9.558104976e-01 5.218082888e-02 -2.893154864e-01 2.435453333e+00 -4.816728521e-02 9.986189127e-01 2.098046527e-02 1.016642481e+00 2.900107051e-01 -6.117805915e-03 9.570038486e-01 1.883224826e+02
9.449438784e-01 5.229701419e-02 -3.230264467e-01 2.313422414e+00 -4.721636348e-02 9.986070298e-01 2.355027028e-02 1.023173628e+00 3.238081011e-01 -7.001547938e-03 9.460968743e-01 1.885788201e+02
9.334114150e-01 5.167555662e-02 -3.550672650e-01 2.173700275e+00 -4.541700001e-02 9.986311498e-01 2.594461051e-02 1.035052262e+00 3.559219463e-01 -8.090903745e-03 9.344806632e-01 1.888132365e+02
9.201290499e-01 5.042090453e-02 -3.883558402e-01 2.024706302e+00 -4.270411120e-02 9.986816986e-01 2.848199401e-02 1.049053562e+00 3.892799721e-01 -9.622716953e-03 9.210692221e-01 1.890602846e+02
9.031616865e-01 4.904590119e-02 -4.264896964e-01 1.834322802e+00 -3.965929371e-02 9.987363340e-01 3.086868505e-02 1.064283495e+00 4.274647538e-01 -1.096513111e-02 9.039655173e-01 1.893343999e+02
8.854227587e-01 4.852376355e-02 -4.622466605e-01 1.648842703e+00 -3.766922168e-02 9.987554683e-01 3.268859756e-02 1.080279539e+00 4.632575705e-01 -1.153075374e-02 8.861486741e-01 1.895888570e+02
8.655183827e-01 4.881253979e-02 -4.984929852e-01 1.446771151e+00 -3.601439609e-02 9.987288621e-01 3.526504491e-02 1.100141045e+00 4.995807264e-01 -1.256961803e-02 8.661761433e-01 1.898464066e+02
8.410653266e-01 4.963818988e-02 -5.386512379e-01 1.200219901e+00 -3.434801686e-02 9.986720062e-01 3.839841129e-02 1.131495954e+00 5.398419596e-01 -1.379396750e-02 8.416533701e-01 1.901262058e+02
8.166317340e-01 5.039358685e-02 -5.749548553e-01 9.620184572e-01 -3.280228095e-02 9.986231456e-01 4.093682422e-02 1.160386944e+00 5.762262005e-01 -1.457047583e-02 8.171603752e-01 1.903864764e+02
7.903353253e-01 5.194481313e-02 -6.104685058e-01 7.030841778e-01 -3.197872099e-02 9.985386628e-01 4.356489896e-02 1.185627747e+00 6.118393982e-01 -1.490887322e-02 7.908415072e-01 1.906533374e+02
7.597007238e-01 5.382995596e-02 -6.480409948e-01 3.990611834e-01 -3.149626048e-02 9.984441724e-01 4.601326430e-02 1.213636325e+00 6.495096703e-01 -1.454543880e-02 7.602142023e-01 1.909470085e+02
7.306676655e-01 5.439732884e-02 -6.805627645e-01 9.299481055e-02 -3.046076090e-02 9.984255926e-01 4.710072546e-02 1.240706065e+00 6.820534599e-01 -1.368451407e-02 7.311742805e-01 1.912076876e+02
7.012305741e-01 5.435462382e-02 -7.108595068e-01 -2.300801533e-01 -2.786182115e-02 9.984170645e-01 4.885779885e-02 1.264685844e+00 7.123899352e-01 -1.445473832e-02 7.016349897e-01 1.914677623e+02
6.687564816e-01 5.446085507e-02 -7.414841628e-01 -6.026995708e-01 -2.348959955e-02 9.983633551e-01 5.214259401e-02 1.286362720e+00 7.431103738e-01 -1.745352765e-02 6.689412280e-01 1.917600665e+02
6.389356620e-01 5.515421308e-02 -7.672803993e-01 -9.595330767e-01 -1.879638311e-02 9.982479540e-01 5.610453306e-02 1.311906696e+00 7.690305181e-01 -2.142508610e-02 6.388529166e-01 1.920260239e+02
6.087551039e-01 5.624033107e-02 -7.913622596e-01 -1.336757244e+00 -1.474357426e-02 9.981139183e-01 5.959222631e-02 1.337404843e+00 7.932212010e-01 -2.460955872e-02 6.084361251e-01 1.922909961e+02
5.743953811e-01 5.762317292e-02 -8.165472992e-01 -1.780066054e+00 -1.102648164e-02 9.979734042e-01 6.266978270e-02 1.363866604e+00 8.185037493e-01 -2.699358461e-02 5.738666942e-01 1.925749523e+02
5.413094701e-01 5.742290646e-02 -8.388603232e-01 -2.209654828e+00 -4.583484871e-03 9.978519587e-01 6.534876214e-02 1.378206219e+00 8.408109629e-01 -3.152899432e-02 5.404099115e-01 1.928309273e+02
5.063344518e-01 5.989374075e-02 -8.602546923e-01 -2.659321879e+00 3.711904303e-04 9.975698459e-01 6.967255727e-02 1.380218363e+00 8.623371222e-01 -3.559692799e-02 5.050817486e-01 1.930870012e+02
4.669301571e-01 6.144714182e-02 -8.821567030e-01 -3.174666260e+00 7.137734442e-03 9.972884530e-01 7.324476081e-02 1.398017877e+00 8.842654069e-01 -4.049678092e-02 4.652254601e-01 1.933507987e+02
4.308981844e-01 6.171926745e-02 -9.002874302e-01 -3.671696966e+00 1.129846509e-02 9.972111598e-01 7.377159388e-02 1.414777492e+00 9.023298339e-01 -4.195990471e-02 4.289991447e-01 1.935726237e+02
3.952761193e-01 6.157348252e-02 -9.164962984e-01 -4.186852852e+00 1.143859865e-02 9.973434806e-01 7.193845164e-02 1.442188766e+00 9.184911425e-01 -3.891897836e-02 3.935217457e-01 1.937725999e+02
3.583456547e-01 6.030222764e-02 -9.316394159e-01 -4.779826559e+00 1.376381961e-02 9.974620684e-01 6.985685327e-02 1.472504452e+00 9.334875366e-01 -3.785580981e-02 3.566062084e-01 1.939813299e+02
3.280541646e-01 5.749940437e-02 -9.429073396e-01 -5.345288893e+00 1.791781270e-02 9.975875222e-01 6.706778790e-02 1.503603427e+00 9.444889887e-01 -3.889669722e-02 3.262324771e-01 1.941595396e+02
2.972399449e-01 5.295576375e-02 -9.533331364e-01 -5.991016036e+00 2.169317436e-02 9.978284780e-01 6.219111915e-02 1.548442568e+00 9.545563654e-01 -3.916649969e-02 2.954457026e-01 1.943352809e+02
2.706922312e-01 5.091181394e-02 -9.613187138e-01 -6.604964583e+00 2.323650791e-02 9.979640410e-01 5.939560767e-02 1.589279069e+00 9.623854813e-01 -3.841561244e-02 2.689580995e-01 1.944770353e+02
2.454719531e-01 5.166681444e-02 -9.680258397e-01 -7.234647927e+00 2.184212257e-02 9.980303903e-01 5.880699124e-02 1.623360242e+00 9.691576117e-01 -3.557919932e-02 2.438599557e-01 1.946076314e+02
2.174531657e-01 5.087219115e-02 -9.747441234e-01 -7.951619609e+00 2.372688128e-02 9.980702650e-01 5.738276641e-02 1.657818418e+00 9.757823480e-01 -3.560569557e-02 2.158264996e-01 1.947391807e+02
1.915558374e-01 5.218004079e-02 -9.800936534e-01 -8.619852135e+00 2.535663058e-02 9.979893524e-01 5.808867689e-02 1.693238832e+00 9.811541355e-01 -3.597909104e-02 1.898475755e-01 1.948504948e+02
1.667807836e-01 5.416735572e-02 -9.845049681e-01 -9.301818251e+00 2.724108294e-02 9.978555435e-01 5.951670674e-02 1.719231475e+00 9.856176384e-01 -3.674521758e-02 1.649475514e-01 1.949538277e+02
1.420245859e-01 5.664077359e-02 -9.882412681e-01 -1.005796148e+01 2.554464526e-02 9.978193347e-01 6.086088199e-02 1.759050488e+00 9.895334880e-01 -3.388800760e-02 1.402680088e-01 1.950493808e+02
1.221457759e-01 5.913634275e-02 -9.907488412e-01 -1.075944406e+01 2.324108559e-02 9.977792514e-01 6.242129442e-02 1.794232169e+00 9.922400402e-01 -3.065056983e-02 1.205001275e-01 1.951227052e+02
1.046921662e-01 6.066258162e-02 -9.926527919e-01 -1.146930901e+01 2.159143795e-02 9.977639894e-01 6.325212953e-02 1.834895562e+00 9.942702833e-01 -2.805479768e-02 1.031482805e-01 1.951864390e+02
8.846475559e-02 6.075200757e-02 -9.942248962e-01 -1.226422944e+01 2.105347967e-02 9.978012832e-01 6.284386105e-02 1.876959413e+00 9.958568041e-01 -2.649135468e-02 8.699120489e-02 1.952506461e+02
7.645751261e-02 6.054625068e-02 -9.952328189e-01 -1.299694770e+01 2.116191716e-02 9.978312160e-01 6.233007444e-02 1.918039943e+00 9.968482624e-01 -2.582663124e-02 7.501041744e-02 1.953020387e+02
6.656519902e-02 5.994002944e-02 -9.959800352e-01 -1.381637351e+01 2.104789356e-02 9.978875013e-01 6.146154584e-02 1.965367874e+00 9.975600718e-01 -2.505447620e-02 6.516296815e-02 1.953512079e+02
5.938652842e-02 6.084607412e-02 -9.963789234e-01 -1.457614127e+01 2.083203434e-02 9.978476818e-01 6.217741468e-02 2.015346534e+00 9.980176867e-01 -2.444909522e-02 5.799116160e-02 1.953867850e+02
5.383477522e-02 6.209599911e-02 -9.966172120e-01 -1.534514490e+01 2.171731468e-02 9.977556795e-01 6.334005798e-02 2.065306302e+00 9.983136840e-01 -2.505374179e-02 5.236539377e-02 1.954222434e+02
4.896067228e-02 6.306338528e-02 -9.968078176e-01 -1.619557263e+01 2.229018430e-02 9.976871893e-01 6.421386597e-02 2.116888948e+00 9.985519699e-01 -2.536297837e-02 4.744174043e-02 1.954640210e+02
4.495418567e-02 6.550857404e-02 -9.968388592e-01 -1.697353843e+01 2.305736601e-02 9.975137915e-01 6.659275010e-02 2.167987289e+00 9.987229423e-01 -2.597809557e-02 4.333196441e-02 1.955004301e+02
4.099761353e-02 6.788463949e-02 -9.968504575e-01 -1.775626305e+01 2.485484836e-02 9.973112636e-01 6.893823911e-02 2.217542307e+00 9.988500731e-01 -2.760286434e-02 3.920011873e-02 1.955361375e+02
3.699655309e-02 6.905545677e-02 -9.969265580e-01 -1.862249457e+01 2.609102225e-02 9.972027169e-01 7.004284992e-02 2.277126153e+00 9.989747495e-01 -2.860217100e-02 3.509133519e-02 1.955709037e+02
3.414223209e-02 6.729559641e-02 -9.971487221e-01 -1.941666771e+01 2.657714504e-02 9.973164530e-01 6.821692407e-02 2.327052217e+00 9.990635614e-01 -2.883043822e-02 3.226208437e-02 1.955978714e+02
3.208248026e-02 6.309227853e-02 -9.974918757e-01 -2.022492294e+01 2.582344888e-02 9.976201591e-01 6.393096567e-02 2.374788667e+00 9.991515903e-01 -2.780973847e-02 3.037686823e-02 1.956191335e+02
3.116142856e-02 5.808538150e-02 -9.978251436e-01 -2.112926261e+01 2.529433802e-02 9.979444256e-01 5.888225990e-02 2.419688757e+00 9.991942745e-01 -2.707417596e-02 2.962814205e-02 1.956390364e+02
3.112602205e-02 5.501561767e-02 -9.980002084e-01 -2.196019159e+01 2.527248738e-02 9.981214795e-01 5.581051983e-02 2.463287866e+00 9.991959310e-01 -2.695910131e-02 2.967716907e-02 1.956565769e+02
3.136350563e-02 5.426126691e-02 -9.980340720e-01 -2.288615233e+01 2.291175290e-02 9.982239105e-01 5.499160511e-02 2.506306913e+00 9.992454246e-01 -2.459143400e-02 3.006457989e-02 1.956705497e+02
3.265849356e-02 5.490860544e-02 -9.979571289e-01 -2.373372157e+01 2.145721908e-02 9.982211230e-01 5.562533433e-02 2.545358230e+00 9.992362318e-01 -2.323001897e-02 3.142221153e-02 1.956941369e+02
3.433873393e-02 5.880806631e-02 -9.976785184e-01 -2.458397280e+01 2.067010363e-02 9.980119414e-01 5.953916584e-02 2.590855943e+00 9.991964945e-01 -2.266661260e-02 3.305489708e-02 1.957207165e+02
3.633600766e-02 6.317310772e-02 -9.973408727e-01 -2.552040505e+01 1.860182174e-02 9.977842734e-01 6.387892115e-02 2.638608281e+00 9.991665042e-01 -2.087345696e-02 3.508036151e-02 1.957526168e+02
3.819147640e-02 6.553301750e-02 -9.971192496e-01 -2.638045933e+01 1.741997981e-02 9.976519613e-01 6.623525533e-02 2.685244894e+00 9.991186075e-01 -1.989941437e-02 3.696021689e-02 1.957792768e+02
3.994680137e-02 6.508152301e-02 -9.970800428e-01 -2.723916392e+01 1.752208072e-02 9.976774889e-01 6.582253035e-02 2.732471223e+00 9.990481801e-01 -2.010031149e-02 3.871366018e-02 1.958128794e+02
4.177899427e-02 6.366331899e-02 -9.970965153e-01 -2.818705571e+01 1.871234084e-02 9.977429835e-01 6.448866414e-02 2.798619822e+00 9.989516506e-01 -2.135227619e-02 4.049340806e-02 1.958579396e+02
4.368876526e-02 6.297385604e-02 -9.970584479e-01 -2.906257817e+01 2.061642478e-02 9.977420236e-01 6.392040349e-02 2.854398974e+00 9.988324640e-01 -2.334837858e-02 4.229182068e-02 1.958966036e+02
4.527379880e-02 6.353890325e-02 -9.969518816e-01 -2.994256666e+01 2.037830365e-02 9.977088015e-01 6.451257786e-02 2.912432068e+00 9.987667617e-01 -2.323691224e-02 4.387525187e-02 1.959367818e+02
4.750606947e-02 6.427543317e-02 -9.968007852e-01 -3.091570277e+01 2.093579476e-02 9.976442242e-01 6.532759872e-02 2.974804839e+00 9.986515419e-01 -2.397226861e-02 4.604849794e-02 1.959865950e+02
4.924070297e-02 6.423143132e-02 -9.967194388e-01 -3.181088784e+01 2.104958621e-02 9.976416216e-01 6.533077704e-02 3.029472705e+00 9.985651228e-01 -2.419745963e-02 4.777252911e-02 1.960336498e+02
5.163573287e-02 6.260792576e-02 -9.967015411e-01 -3.279174362e+01 2.178209309e-02 9.977249194e-01 6.380067544e-02 3.093484901e+00 9.984284290e-01 -2.500463479e-02 5.015452515e-02 1.960937637e+02
5.336341684e-02 6.109153331e-02 -9.967046371e-01 -3.368921151e+01 2.107723058e-02 9.978355526e-01 6.228933223e-02 3.153709324e+00 9.983527094e-01 -2.433173954e-02 5.196027360e-02 1.961465190e+02
5.529961211e-02 6.100995068e-02 -9.966040850e-01 -3.459595431e+01 2.072618336e-02 9.978462302e-01 6.223605687e-02 3.215321840e+00 9.982546842e-01 -2.409742331e-02 5.391600545e-02 1.962007959e+02
5.693648883e-02 6.263026792e-02 -9.964113855e-01 -3.551760124e+01 2.018977868e-02 9.977540817e-01 6.386834895e-02 3.275888366e+00 9.981736549e-01 -2.375375943e-02 5.554412227e-02 1.962527060e+02
5.886223032e-02 6.443160955e-02 -9.961846058e-01 -3.653910648e+01 1.897731450e-02 9.976623345e-01 6.564852175e-02 3.341895740e+00 9.980857356e-01 -2.276912163e-02 5.750189060e-02 1.963123746e+02
6.055520661e-02 6.482954523e-02 -9.960573078e-01 -3.747167072e+01 1.738359545e-02 9.976687643e-01 6.599127252e-02 3.400156260e+00 9.980134838e-01 -2.131116725e-02 5.928706696e-02 1.963716645e+02
6.217767192e-02 6.385377840e-02 -9.960203790e-01 -3.850260058e+01 1.656704540e-02 9.977478120e-01 6.499874801e-02 3.468925401e+00 9.979276058e-01 -2.054258058e-02 6.097976706e-02 1.964365197e+02
6.351202588e-02 6.377961370e-02 -9.959409354e-01 -3.944346665e+01 1.508051852e-02 9.977804731e-01 6.485912442e-02 3.528653189e+00 9.978671439e-01 -1.913863518e-02 6.240922898e-02 1.965000599e+02
6.544520497e-02 6.523963564e-02 -9.957211851e-01 -4.039290352e+01 1.371670408e-02 9.977073537e-01 6.627132929e-02 3.591214176e+00 9.977619022e-01 -1.799514877e-02 6.440028888e-02 1.965632454e+02
6.751516437e-02 6.804703567e-02 -9.953950306e-01 -4.144312584e+01 1.008563979e-02 9.975739643e-01 6.888008557e-02 3.660011471e+00 9.976672886e-01 -1.468964160e-02 6.666507168e-02 1.966355346e+02
6.992075845e-02 6.992230808e-02 -9.950989507e-01 -4.240459149e+01 8.301814196e-03 9.974650682e-01 7.067190576e-02 3.726055691e+00 9.975180217e-01 -1.320255560e-02 6.916303148e-02 1.967021133e+02
7.285832372e-02 7.054275448e-02 -9.948443837e-01 -4.336874109e+01 9.769701332e-03 9.973971048e-01 7.143926698e-02 3.794207549e+00 9.972944670e-01 -1.492427330e-02 7.197949890e-02 1.967755106e+02
7.643468842e-02 7.086977534e-02 -9.945527521e-01 -4.442730997e+01 1.005986844e-02 9.973651968e-01 7.184332918e-02 3.871313826e+00 9.970238581e-01 -1.549638782e-02 7.552035683e-02 1.968640111e+02
7.954857874e-02 7.123236694e-02 -9.942826243e-01 -4.539346535e+01 1.177377962e-02 9.973068336e-01 7.239101080e-02 3.945102048e+00 9.967614749e-01 -1.746506179e-02 7.849566639e-02 1.969454596e+02
8.229714206e-02 6.876853404e-02 -9.942323836e-01 -4.636358054e+01 1.334883093e-02 9.974509237e-01 7.009610604e-02 4.019599367e+00 9.965184521e-01 -1.904054428e-02 8.116938023e-02 1.970319347e+02
8.533287415e-02 6.598025120e-02 -9.941654141e-01 -4.743429711e+01 1.182898179e-02 9.976675149e-01 6.722801169e-02 4.098204766e+00 9.962822953e-01 -1.749671931e-02 8.435335670e-02 1.971244265e+02
8.807858351e-02 6.107650984e-02 -9.942393005e-01 -4.840752111e+01 7.825934461e-03 9.980452432e-01 6.200361078e-02 4.165288212e+00 9.960828048e-01 -1.324203757e-02 8.742842993e-02 1.972079308e+02
9.082974488e-02 5.791723995e-02 -9.941808258e-01 -4.938211563e+01 3.809684049e-03 9.982798989e-01 5.850410356e-02 4.230437620e+00 9.958591667e-01 -9.101423868e-03 9.045286155e-02 1.972927788e+02
9.474748089e-02 5.985288112e-02 -9.937004132e-01 -5.045701118e+01 5.684481164e-03 9.981421525e-01 6.066243124e-02 4.303477271e+00 9.954851268e-01 -1.139627980e-02 9.423122134e-02 1.973998827e+02
9.772056225e-02 6.756529360e-02 -9.929177138e-01 -5.144343390e+01 5.755284304e-03 9.976377481e-01 6.845291006e-02 4.366804125e+00 9.951972691e-01 -1.240377645e-02 9.710086359e-02 1.974994157e+02
1.011388005e-01 7.551138617e-02 -9.920024884e-01 -5.253570676e+01 1.125115631e-02 9.969648094e-01 7.703623219e-02 4.437066260e+00 9.948087206e-01 -1.895252228e-02 9.998223394e-02 1.976148628e+02
1.030050895e-01 7.773167991e-02 -9.916388964e-01 -5.352018876e+01 1.436619906e-02 9.967215712e-01 7.962237577e-02 4.506399590e+00 9.945770960e-01 -2.244758643e-02 1.015506853e-01 1.977196715e+02
1.059671480e-01 7.509526060e-02 -9.915299435e-01 -5.449300435e+01 1.757235024e-02 9.968471155e-01 7.737597541e-02 4.578530128e+00 9.942143693e-01 -2.562281722e-02 1.043134450e-01 1.978267599e+02
1.090670231e-01 7.092983219e-02 -9.915005330e-01 -5.556077574e+01 1.753435141e-02 9.971584727e-01 7.326341289e-02 4.655735584e+00 9.938797548e-01 -2.537593549e-02 1.075133970e-01 1.979431808e+02
1.116594624e-01 6.949318855e-02 -9.913136864e-01 -5.653542412e+01 1.352367163e-02 9.973532259e-01 7.143986086e-02 4.723670373e+00 9.936545228e-01 -2.138313207e-02 1.104241214e-01 1.980471676e+02
1.140256553e-01 6.600759690e-02 -9.912825585e-01 -5.751226501e+01 1.451625926e-02 9.975731438e-01 6.809626688e-02 4.788109506e+00 9.933717653e-01 -2.215443082e-02 1.127907474e-01 1.981592120e+02
1.161971049e-01 6.130455489e-02 -9.913324105e-01 -5.858644511e+01 1.385927078e-02 9.978960892e-01 6.333495328e-02 4.859247542e+00 9.931294928e-01 -2.109847739e-02 1.151029995e-01 1.982833465e+02
1.186135855e-01 5.621862343e-02 -9.913476926e-01 -5.956909260e+01 1.382404712e-02 9.982056328e-01 5.826157200e-02 4.920503945e+00 9.928442723e-01 -2.061504609e-02 1.176235796e-01 1.983981446e+02
1.208078591e-01 5.477429666e-02 -9.911635594e-01 -6.055551230e+01 1.265905738e-02 9.983103100e-01 5.671220113e-02 4.980492395e+00 9.925952072e-01 -1.939847104e-02 1.199103397e-01 1.985142473e+02
1.237184761e-01 5.731451793e-02 -9.906607636e-01 -6.164585284e+01 1.105887084e-02 9.981889643e-01 5.913115449e-02 5.043111811e+00 9.922557513e-01 -1.827120095e-02 1.228605831e-01 1.986439663e+02
1.262845977e-01 5.999402750e-02 -9.901782067e-01 -6.263946810e+01 9.475373855e-03 9.980510289e-01 6.167950705e-02 5.102811845e+00 9.919488160e-01 -1.717147575e-02 1.254700062e-01 1.987643401e+02
1.291860663e-01 6.093790008e-02 -9.897461778e-01 -6.374607762e+01 1.122369693e-02 9.979561951e-01 6.290836041e-02 5.149009040e+00 9.915568692e-01 -1.923548984e-02 1.282380860e-01 1.989067727e+02
1.316061663e-01 6.124535839e-02 -9.894083015e-01 -6.473267299e+01 1.180876590e-02 9.979219426e-01 6.334311374e-02 5.223608052e+00 9.912317619e-01 -2.002003036e-02 1.306094484e-01 1.990394066e+02
1.341327759e-01 6.208956689e-02 -9.890163032e-01 -6.573112451e+01 1.356157578e-02 9.978267202e-01 6.448194000e-02 5.282843817e+00 9.908705858e-01 -2.206175592e-02 1.329992349e-01 1.991774776e+02
1.367950811e-01 6.384596909e-02 -9.885397119e-01 -6.683627892e+01 1.353279674e-02 9.977072455e-01 6.631075576e-02 5.362970258e+00 9.905069434e-01 -2.244868692e-02 1.356174284e-01 1.993289632e+02
1.394360099e-01 6.496015424e-02 -9.880980425e-01 -6.784766097e+01 1.339056869e-02 9.976310013e-01 6.747650320e-02 5.435150214e+00 9.901405595e-01 -2.263984378e-02 1.382358322e-01 1.994673196e+02
1.418607868e-01 6.526857225e-02 -9.877325016e-01 -6.885908807e+01 1.188041932e-02 9.976397652e-01 6.762954362e-02 5.513844401e+00 9.898153406e-01 -2.132865141e-02 1.407505435e-01 1.996078392e+02
1.447597809e-01 6.532054115e-02 -9.873083595e-01 -6.997123050e+01 1.090447585e-02 9.976526578e-01 6.760375313e-02 5.599433952e+00 9.894067586e-01 -2.055237959e-02 1.437076933e-01 1.997661131e+02
1.472252354e-01 6.552340571e-02 -9.869302799e-01 -7.098780706e+01 8.927186597e-03 9.976747009e-01 6.756846183e-02 5.681145052e+00 9.890627235e-01 -1.875828861e-02 1.462979525e-01 1.999096838e+02
1.498564731e-01 6.539804018e-02 -9.865424968e-01 -7.200045619e+01 7.697786922e-03 9.977026068e-01 6.730715420e-02 5.746607109e+00 9.886778126e-01 -1.768060194e-02 1.490087730e-01 2.000555569e+02
1.526921995e-01 6.478272024e-02 -9.861481915e-01 -7.311368260e+01 6.852642778e-03 9.977558026e-01 6.660630746e-02 5.818360231e+00 9.882500539e-01 -1.692798023e-02 1.519055947e-01 2.002201479e+02
1.553665036e-01 6.427713018e-02 -9.857634931e-01 -7.412546112e+01 6.466747308e-03 9.977933217e-01 6.608077602e-02 5.881765775e+00 9.878357487e-01 -1.664141794e-02 1.546079952e-01 2.003745272e+02
1.578947942e-01 6.397802868e-02 -9.853811496e-01 -7.513507440e+01 7.355077310e-03 9.977949889e-01 6.596259149e-02 5.935603795e+00 9.874285657e-01 -1.766269962e-02 1.570760705e-01 2.005331404e+02
1.603897405e-01 6.441736349e-02 -9.849494904e-01 -7.624276446e+01 8.144109393e-03 9.977478129e-01 6.658059648e-02 5.996349047e+00 9.870201822e-01 -1.870037615e-02 1.595038902e-01 2.007038251e+02
1.625959643e-01 6.442156776e-02 -9.845874153e-01 -7.724854186e+01 9.841700256e-03 9.977107769e-01 6.690550942e-02 6.054362129e+00 9.866436686e-01 -2.056857498e-02 1.615897275e-01 2.008617227e+02
1.647953113e-01 6.458846483e-02 -9.842107497e-01 -7.825136564e+01 1.108778934e-02 9.976692704e-01 6.732821372e-02 6.115241821e+00 9.862654824e-01 -2.200809018e-02 1.636950741e-01 2.010207370e+02
1.671043000e-01 6.603877154e-02 -9.837250621e-01 -7.934972716e+01 1.152453984e-02 9.975552847e-01 6.892488349e-02 6.188849654e+00 9.858718849e-01 -2.285461777e-02 1.659347106e-01 2.012013998e+02
1.691444119e-01 6.672950785e-02 -9.833297031e-01 -8.034550569e+01 1.108619365e-02 9.975134470e-01 6.959899465e-02 6.256039604e+00 9.855289441e-01 -2.267365924e-02 1.679840485e-01 2.013667881e+02
1.713493596e-01 6.620899792e-02 -9.829830771e-01 -8.143528782e+01 1.083880489e-02 9.975522629e-01 6.907969135e-02 6.337363981e+00 9.851507259e-01 -2.249111739e-02 1.702123145e-01 2.015481265e+02
1.735003935e-01 6.511971885e-02 -9.826784826e-01 -8.242243209e+01 1.038713982e-02 9.976350094e-01 6.794480069e-02 6.420348236e+00 9.847790393e-01 -2.199566324e-02 1.724136585e-01 2.017137797e+02
1.754772743e-01 6.480602349e-02 -9.823481409e-01 -8.340502708e+01 7.340162752e-03 9.977171625e-01 6.713111200e-02 6.496487399e+00 9.844561359e-01 -1.899057492e-02 1.746010009e-01 2.018791731e+02
1.776380908e-01 6.439128060e-02 -9.819869837e-01 -8.448372607e+01 5.614275929e-03 9.977744862e-01 6.644211854e-02 6.576429682e+00 9.840798870e-01 -1.731579230e-02 1.768812438e-01 2.020630814e+02
1.794459083e-01 6.382566381e-02 -9.816951742e-01 -8.545812840e+01 4.140162969e-03 9.978353186e-01 6.563182536e-02 6.646323812e+00 9.837591475e-01 -1.584173602e-02 1.787932159e-01 2.022330956e+02
1.816695037e-01 6.401241865e-02 -9.812739506e-01 -8.643135802e+01 3.067911941e-03 9.978372785e-01 6.566090233e-02 6.718409117e+00 9.833548772e-01 -1.493904121e-02 1.810802181e-01 2.024025679e+02
1.839183014e-01 6.586126768e-02 -9.807325407e-01 -8.750037729e+01 2.785382557e-03 9.977137623e-01 6.752400152e-02 6.792977520e+00 9.829376050e-01 -1.515061056e-02 1.833143711e-01 2.025924407e+02
1.861320672e-01 6.729006474e-02 -9.802177642e-01 -8.846529557e+01 4.479551056e-03 9.975835277e-01 6.933281610e-02 6.861200994e+00 9.825145406e-01 -1.729599124e-02 1.853808544e-01 2.027700159e+02
1.882354748e-01 6.720993580e-02 -9.798215119e-01 -8.942348778e+01 5.851088092e-03 9.975612485e-01 6.955085052e-02 6.935002675e+00 9.821065146e-01 -1.882495451e-02 1.873831634e-01 2.029482758e+02
1.904123692e-01 6.672523516e-02 -9.794339372e-01 -9.047058507e+01 7.116858805e-03 9.975674073e-01 6.934420468e-02 7.014636955e+00 9.816784174e-01 -2.017448235e-02 1.894742988e-01 2.031462771e+02
1.921989137e-01 6.659714140e-02 -9.790936436e-01 -9.142073952e+01 7.218240107e-03 9.975717664e-01 6.927097927e-02 7.091215422e+00 9.813294603e-01 -2.038113496e-02 1.912514951e-01 2.033233045e+02
1.942109665e-01 6.699973772e-02 -9.786690453e-01 -9.236515792e+01 6.732082914e-03 9.975502892e-01 6.962829982e-02 7.163532740e+00 9.809367027e-01 -2.011105558e-02 1.932841574e-01 2.035015745e+02
1.962499490e-01 6.794869753e-02 -9.781967577e-01 -9.340038671e+01 4.402190888e-03 9.975250179e-01 7.017449678e-02 7.243963958e+00 9.805440395e-01 -1.807794552e-02 1.954651101e-01 2.036963001e+02
1.981454493e-01 6.891854555e-02 -9.777466848e-01 -9.433695317e+01 2.807917070e-03 9.974809968e-01 7.087860942e-02 7.310026567e+00 9.801686241e-01 -1.678970092e-02 1.974528021e-01 2.038757002e+02
2.000150238e-01 6.943063105e-02 -9.773297000e-01 -9.526895724e+01 1.346286754e-03 9.974656713e-01 7.113664768e-02 7.377067862e+00 9.797919232e-01 -1.554415985e-02 1.994146459e-01 2.040560344e+02
2.025013067e-01 7.042200802e-02 -9.767466029e-01 -9.629106646e+01 1.388912374e-03 9.973893320e-01 7.219828147e-02 7.455186802e+00 9.792810254e-01 -1.597685728e-02 2.018748324e-01 2.042569407e+02
2.047533983e-01 7.152843647e-02 -9.761965445e-01 -9.721312032e+01 7.993210465e-04 9.973137740e-01 7.324341518e-02 7.529234039e+00 9.788132825e-01 -1.577712813e-02 2.041462096e-01 2.044423244e+02
2.074611334e-01 7.254981216e-02 -9.755492646e-01 -9.822201263e+01 2.353058695e-03 9.972062107e-01 7.466081357e-02 7.612069790e+00 9.782404491e-01 -1.778473697e-02 2.067108162e-01 2.046508340e+02
2.096339917e-01 7.258934070e-02 -9.750817104e-01 -9.913271213e+01 3.230352313e-03 9.971836234e-01 7.492921149e-02 7.685522908e+00 9.777746107e-01 -1.885756233e-02 2.088090937e-01 2.048424208e+02
2.121895914e-01 7.118382849e-02 -9.746324460e-01 -1.000389386e+02 5.004865965e-03 9.972512114e-01 7.392545779e-02 7.760943579e+00 9.772157200e-01 -2.056411241e-02 2.112500610e-01 2.050345584e+02
2.155047763e-01 6.952101904e-02 -9.740248889e-01 -1.010304864e+02 6.367417632e-03 9.973412467e-01 7.259403676e-02 7.843702523e+00 9.764820440e-01 -2.184637973e-02 2.144891323e-01 2.052474304e+02
2.192175445e-01 6.808055987e-02 -9.732978324e-01 -1.019288921e+02 4.899931996e-03 9.974731552e-01 7.087521347e-02 7.918313648e+00 9.756637195e-01 -2.030617846e-02 2.183300251e-01 2.054394049e+02
2.241093511e-01 6.792331748e-02 -9.721941096e-01 -1.028219771e+02 5.770912644e-03 9.974582877e-01 7.101874042e-02 7.990173675e+00 9.745469357e-01 -2.152640599e-02 2.231477495e-01 2.056396630e+02
2.293749882e-01 6.746981422e-02 -9.709968611e-01 -1.037978584e+02 7.058399141e-03 9.974530844e-01 7.097551689e-02 8.068114048e+00 9.733125543e-01 -2.313368645e-02 2.283145600e-01 2.058653559e+02
2.344100647e-01 6.646473406e-02 -9.698630450e-01 -1.046795223e+02 6.908958442e-03 9.975209605e-01 7.002999504e-02 8.134994696e+00 9.721132765e-01 -2.311647384e-02 2.333697502e-01 2.060707357e+02
2.392115447e-01 6.371038537e-02 -9.688750121e-01 -1.055541174e+02 7.967839615e-03 9.976825893e-01 6.757192597e-02 8.199925026e+00 9.709347995e-01 -2.388382011e-02 2.381495586e-01 2.062801123e+02
2.446204464e-01 6.378455866e-02 -9.675186473e-01 -1.065122902e+02 6.536943814e-03 9.977027796e-01 6.742723864e-02 8.270268460e+00 9.695968956e-01 -2.281869100e-02 2.436415427e-01 2.065121368e+02
2.496715886e-01 6.546346598e-02 -9.661152095e-01 -1.073775915e+02 7.216035611e-03 9.975587154e-01 6.945889967e-02 8.332725281e+00 9.683037028e-01 -2.431343016e-02 2.485896819e-01 2.067292687e+02
2.539463595e-01 6.755989987e-02 -9.648558815e-01 -1.082394203e+02 7.218762065e-03 9.973973565e-01 7.173843757e-02 8.394441804e+00 9.671913824e-01 -2.518277457e-02 2.527977282e-01 2.069487462e+02
2.585246874e-01 6.851009837e-02 -9.635721655e-01 -1.091802652e+02 8.172281623e-03 9.972911231e-01 7.310013887e-02 8.467313801e+00 9.659700999e-01 -2.677276795e-02 2.572644914e-01 2.071906922e+02
2.619994005e-01 6.774224808e-02 -9.626875234e-01 -1.100334699e+02 9.332753741e-03 9.973088437e-01 7.271843334e-02 8.534790983e+00 9.650229261e-01 -2.803670568e-02 2.606620969e-01 2.074095234e+02
2.657958518e-01 6.524678132e-02 -9.618187920e-01 -1.109585673e+02 1.115675755e-02 9.974319811e-01 7.074581614e-02 8.604005225e+00 9.639647950e-01 -2.953471752e-02 2.643853399e-01 2.076569778e+02
2.684482239e-01 6.250237163e-02 -9.612642564e-01 -1.117941341e+02 1.104211136e-02 9.976275905e-01 6.795044551e-02 8.665507194e+00 9.632308429e-01 -2.885555744e-02 2.671211960e-01 2.078808113e+02
2.706668295e-01 6.039618596e-02 -9.607766308e-01 -1.126213893e+02 1.062342912e-02 9.977818672e-01 6.571520965e-02 8.727413356e+00 9.626144836e-01 -2.799366405e-02 2.694248393e-01 2.081036781e+02
2.725070663e-01 6.026842177e-02 -9.602643294e-01 -1.135243056e+02 9.479189752e-03 9.978196368e-01 6.531552575e-02 8.798032447e+00 9.621071030e-01 -2.690146439e-02 2.713416055e-01 2.083454473e+02
2.739522554e-01 6.191411120e-02 -9.597482851e-01 -1.143333065e+02 7.374869370e-03 9.977610726e-01 6.647145082e-02 8.861192596e+00 9.617150341e-01 -2.528801658e-02 2.728822871e-01 2.085655644e+02
2.755116076e-01 6.363962115e-02 -9.591888859e-01 -1.151331499e+02 6.742942650e-03 9.976537697e-01 6.812847491e-02 8.919427859e+00 9.612741131e-01 -2.523793578e-02 2.744360750e-01 2.087855665e+02
2.768227906e-01 6.466190899e-02 -9.587428990e-01 -1.159976746e+02 5.673700186e-03 9.976059722e-01 6.892121479e-02 8.980481240e+00 9.609042541e-01 -2.451857734e-02 2.757931962e-01 2.090264924e+02
2.780648978e-01 6.516660279e-02 -9.583492019e-01 -1.167696606e+02 5.980001061e-03 9.975592918e-01 6.956794829e-02 9.037958068e+00 9.605436929e-01 -2.507532819e-02 2.769965256e-01 2.092439056e+02
2.783646950e-01 6.468146079e-02 -9.582950336e-01 -1.175307504e+02 7.214454108e-03 9.975609179e-01 6.942742425e-02 9.099666766e+00 9.604483755e-01 -2.623971369e-02 2.772190986e-01 2.094580443e+02
2.778418770e-01 6.428857848e-02 -9.584731797e-01 -1.183501488e+02 8.823289747e-03 9.975452303e-01 6.946699678e-02 9.161076341e+00 9.605863182e-01 -2.775772156e-02 2.765926019e-01 2.096917101e+02
2.768332532e-01 6.476133140e-02 -9.587331673e-01 -1.190787885e+02 1.008694286e-02 9.974755326e-01 7.029093825e-02 9.221732369e+00 9.608650463e-01 -2.912954983e-02 2.754811523e-01 2.098978709e+02
2.756430972e-01 6.386138360e-02 -9.591363682e-01 -1.197907615e+02 1.129203056e-02 9.975067848e-01 6.966135883e-02 9.277343675e+00 9.611937405e-01 -3.003226383e-02 2.742347344e-01 2.100999463e+02
2.745559226e-01 6.337153446e-02 -9.594806200e-01 -1.205588236e+02 1.118440411e-02 9.975479950e-01 6.908623177e-02 9.338850644e+00 9.615061041e-01 -2.969924707e-02 2.731739366e-01 2.103128331e+02
2.735033245e-01 6.309790659e-02 -9.597992247e-01 -1.212472945e+02 1.044013339e-02 9.975925398e-01 6.855748507e-02 9.394395152e+00 9.618144150e-01 -2.877112610e-02 2.721861250e-01 2.105009119e+02
2.721175499e-01 6.283444308e-02 -9.602103092e-01 -1.219253389e+02 9.800340301e-03 9.976330474e-01 6.806068401e-02 9.447438546e+00 9.622141270e-01 -2.793088855e-02 2.708576611e-01 2.106858916e+02
2.706906901e-01 6.254915318e-02 -9.606321460e-01 -1.226575159e+02 9.801788860e-03 9.976560900e-01 6.772187017e-02 9.503883079e+00 9.626164912e-01 -2.774758743e-02 2.694431213e-01 2.108860256e+02
2.689678762e-01 6.199508410e-02 -9.611518388e-01 -1.233107425e+02 9.743526829e-03 9.977000842e-01 6.707910506e-02 9.552684744e+00 9.630998802e-01 -2.740712739e-02 2.677452213e-01 2.110639867e+02
2.662675042e-01 6.007281010e-02 -9.620253841e-01 -1.240131648e+02 1.137504859e-02 9.977907171e-01 6.545451680e-02 9.607858686e+00 9.638320696e-01 -2.837149044e-02 2.649959123e-01 2.112567001e+02
2.626572389e-01 5.817021083e-02 -9.631341378e-01 -1.246391671e+02 1.355211960e-02 9.978602243e-01 6.396337530e-02 9.660001782e+00 9.647940448e-01 -2.985294652e-02 2.613068811e-01 2.114241307e+02
2.588590024e-01 5.848929560e-02 -9.641426166e-01 -1.252556002e+02 1.492136877e-02 9.978037189e-01 6.453752240e-02 9.714026799e+00 9.657998777e-01 -3.109244000e-02 2.574177343e-01 2.115859574e+02
2.549668218e-01 5.989416549e-02 -9.650930393e-01 -1.259222256e+02 1.510546803e-02 9.977112839e-01 6.590917551e-02 9.767075771e+00 9.668318255e-01 -3.138282883e-02 2.534785451e-01 2.117568193e+02
2.515078668e-01 6.170361943e-02 -9.658863401e-01 -1.265200895e+02 1.418122513e-02 9.976236415e-01 6.742375919e-02 9.815024707e+00 9.677513730e-01 -3.065505133e-02 2.500351604e-01 2.119084432e+02
2.483025527e-01 6.364331938e-02 -9.665895385e-01 -1.271062970e+02 1.545580881e-02 9.974520458e-01 6.964578267e-02 9.863492892e+00 9.685592365e-01 -3.223264239e-02 2.466862296e-01 2.120551408e+02
2.450191733e-01 6.278873855e-02 -9.674828911e-01 -1.277344214e+02 1.815933188e-02 9.974284116e-01 6.933111248e-02 9.923956487e+00 9.693481716e-01 -3.455628817e-02 2.432488827e-01 2.122111483e+02
2.422177814e-01 6.300727141e-02 -9.681738458e-01 -1.282920732e+02 1.874878151e-02 9.973987950e-01 6.959976670e-02 9.974801626e+00 9.700407538e-01 -3.501037431e-02 2.404064131e-01 2.123470425e+02
2.394236992e-01 6.340229843e-02 -9.688428182e-01 -1.288364325e+02 1.803928548e-02 9.974028363e-01 6.972924037e-02 1.002082099e+01 9.707476041e-01 -3.417205829e-02 2.376581439e-01 2.124749714e+02
2.364563382e-01 6.390764176e-02 -9.695381266e-01 -1.294178412e+02 1.743706364e-02 9.973948271e-01 6.999648878e-02 1.006741578e+01 9.714856579e-01 -3.345700495e-02 2.347259663e-01 2.126090423e+02
2.336252970e-01 6.422860733e-02 -9.702030055e-01 -1.299313746e+02 1.795233923e-02 9.973608534e-01 7.034942990e-02 1.011021724e+01 9.721609788e-01 -3.385281341e-02 2.318556713e-01 2.127261771e+02
2.308172446e-01 6.451503756e-02 -9.708558981e-01 -1.304290615e+02 1.811523868e-02 9.973414841e-01 7.058188767e-02 1.015308246e+01 9.728284907e-01 -3.387879661e-02 2.290349074e-01 2.128365044e+02
2.285400994e-01 6.456078466e-02 -9.713914213e-01 -1.309543440e+02 1.865871721e-02 9.973249241e-01 7.067424357e-02 1.019524386e+01 9.733556955e-01 -3.427680989e-02 2.267241152e-01 2.129538864e+02
2.269557821e-01 6.506690771e-02 -9.717290444e-01 -1.314136574e+02 1.836468930e-02 9.973023623e-01 7.106853790e-02 1.023308830e+01 9.737319168e-01 -3.397491104e-02 2.251486035e-01 2.130547069e+02
2.263207854e-01 6.514025216e-02 -9.718722215e-01 -1.318516222e+02 1.733989965e-02 9.973337829e-01 7.088479487e-02 1.026659999e+01 9.738984879e-01 -3.289486281e-02 2.245878390e-01 2.131511543e+02
2.270824923e-01 6.505536442e-02 -9.717002143e-01 -1.323123402e+02 1.540699384e-02 9.974015015e-01 7.037662950e-02 1.030798372e+01 9.737536654e-01 -3.095227344e-02 2.254901106e-01 2.132492949e+02
2.288654573e-01 6.453674679e-02 -9.713164140e-01 -1.327069473e+02 1.407685246e-02 9.974762326e-01 6.959172578e-02 1.034070432e+01 9.733562962e-01 -2.960021395e-02 2.273793793e-01 2.133371682e+02
2.323842246e-01 6.339906666e-02 -9.705555604e-01 -1.331166719e+02 1.468546725e-02 9.975308299e-01 6.867737023e-02 1.037524345e+01 9.725132101e-01 -3.021259321e-02 2.308793829e-01 2.134331984e+02
2.359186996e-01 6.221975192e-02 -9.697788589e-01 -1.334650653e+02 1.637506628e-02 9.975519375e-01 6.798521819e-02 1.040375897e+01 9.716348382e-01 -3.191917105e-02 2.343223027e-01 2.135208170e+02
2.399353666e-01 6.152537223e-02 -9.688372484e-01 -1.337935646e+02 1.860434473e-02 9.975149814e-01 6.795396203e-02 1.043169238e+01 9.706105978e-01 -3.432913437e-02 2.381944830e-01 2.136065150e+02
2.442218545e-01 6.233627596e-02 -9.677137180e-01 -1.341342138e+02 1.859739369e-02 9.974471026e-01 6.894501488e-02 1.046725727e+01 9.695410549e-01 -3.483482575e-02 2.424390883e-01 2.136903754e+02
2.477181033e-01 6.357600630e-02 -9.667439156e-01 -1.344233825e+02 1.746949364e-02 9.973892579e-01 7.006772267e-02 1.049458417e+01 9.686746577e-01 -3.424556348e-02 2.459607340e-01 2.137614575e+02
2.506316804e-01 6.451844115e-02 -9.659301720e-01 -1.346922968e+02 1.695406543e-02 9.973311570e-01 7.101495383e-02 1.052053710e+01 9.679340653e-01 -3.417503400e-02 2.488689334e-01 2.138286620e+02
2.539494677e-01 6.385507627e-02 -9.651073323e-01 -1.349624054e+02 1.911436135e-02 9.972921514e-01 7.101412971e-02 1.054266603e+01 9.670286155e-01 -3.648140391e-02 2.520412614e-01 2.139030449e+02
2.568559691e-01 6.353226357e-02 -9.643591802e-01 -1.351896540e+02 2.070528490e-02 9.972461582e-01 7.121370556e-02 1.056646407e+01 9.662278905e-01 -3.825898991e-02 2.548331742e-01 2.139646443e+02
2.588215167e-01 6.440965833e-02 -9.637752769e-01 -1.353999422e+02 2.033501525e-02 9.971898206e-01 7.210374225e-02 1.058848822e+01 9.657111078e-01 -3.826037786e-02 2.567844098e-01 2.140188378e+02
2.611038306e-01 6.493862179e-02 -9.631239437e-01 -1.356130945e+02 1.850373518e-02 9.972146375e-01 7.225357638e-02 1.061133306e+01 9.651333771e-01 -3.668706913e-02 2.591749541e-01 2.140713632e+02
2.630788699e-01 6.612440857e-02 -9.625056035e-01 -1.357914765e+02 1.631450349e-02 9.972008959e-01 7.296719065e-02 1.062999871e+01 9.646363974e-01 -3.489892046e-02 2.612636973e-01 2.141159837e+02
2.646618207e-01 6.647222501e-02 -9.620475715e-01 -1.359541486e+02 1.462994016e-02 9.972299085e-01 7.292787679e-02 1.064550155e+01 9.642303249e-01 -3.337591660e-02 2.629561980e-01 2.141571824e+02
2.666128530e-01 6.425317349e-02 -9.616595459e-01 -1.361053632e+02 1.575340074e-02 9.973515214e-01 7.100544967e-02 1.066652109e+01 9.636749716e-01 -3.408036719e-02 2.648945280e-01 2.142070495e+02
2.682651551e-01 6.239776586e-02 -9.613221580e-01 -1.362265597e+02 1.844687736e-02 9.973843906e-01 6.988627103e-02 1.068589949e+01 9.631684968e-01 -3.648143649e-02 2.664124337e-01 2.142467522e+02
2.695959056e-01 6.236125274e-02 -9.609521778e-01 -1.363456264e+02 1.991659129e-02 9.973263857e-01 7.030939166e-02 1.070817176e+01 9.627675789e-01 -3.809400890e-02 2.676330859e-01 2.142841406e+02
2.706357909e-01 6.340613141e-02 -9.605914310e-01 -1.364455561e+02 1.842389170e-02 9.973047129e-01 7.102021201e-02 1.072480735e+01 9.625055131e-01 -3.691843689e-02 2.687381615e-01 2.143108733e+02
2.716078992e-01 6.303277561e-02 -9.603415978e-01 -1.365328725e+02 1.700703783e-02 9.973827373e-01 7.027401199e-02 1.074123688e+01 9.622577324e-01 -3.541953597e-02 2.698250286e-01 2.143343807e+02
2.727399444e-01 6.143974895e-02 -9.601239744e-01 -1.366202024e+02 1.723823035e-02 9.974865312e-01 6.872746279e-02 1.075958356e+01 9.619333657e-01 -3.529555595e-02 2.709953079e-01 2.143604378e+02
2.736177296e-01 6.058601301e-02 -9.599284553e-01 -1.366915011e+02 1.790052535e-02 9.975205614e-01 6.806101332e-02 1.077794101e+01 9.616719519e-01 -3.580591687e-02 2.718547892e-01 2.143824323e+02
2.743685183e-01 6.025414881e-02 -9.597350259e-01 -1.367584079e+02 1.806311083e-02 9.975359997e-01 6.779125311e-02 1.079175293e+01 9.614549776e-01 -3.593557907e-02 2.726040963e-01 2.144026120e+02
2.751546277e-01 5.953141615e-02 -9.595550571e-01 -1.368236755e+02 1.792433676e-02 9.975898793e-01 6.703097486e-02 1.080603632e+01 9.612328973e-01 -3.564326421e-02 2.734244101e-01 2.144221516e+02
2.759231082e-01 5.900329220e-02 -9.593669872e-01 -1.368763430e+02 1.826686227e-02 9.976119185e-01 6.660917686e-02 1.081710710e+01 9.610061362e-01 -3.590362901e-02 2.741863757e-01 2.144390805e+02
2.764034393e-01 5.897970486e-02 -9.592301598e-01 -1.369214655e+02 1.850371950e-02 9.976034221e-01 6.667102241e-02 1.082788467e+01 9.608635621e-01 -3.617741895e-02 2.746496724e-01 2.144567846e+02
2.764604071e-01 5.915716803e-02 -9.592028143e-01 -1.369579496e+02 1.834356889e-02 9.975969459e-01 6.681203195e-02 1.083426582e+01 9.608502436e-01 -3.606607770e-02 2.747109036e-01 2.144812995e+02
2.765740463e-01 5.937605757e-02 -9.591565289e-01 -1.369813758e+02 1.801215690e-02 9.975937799e-01 6.694933237e-02 1.083859495e+01 9.608238095e-01 -3.579291893e-02 2.748390568e-01 2.144988298e+02
2.765409712e-01 5.951773220e-02 -9.591572848e-01 -1.369865772e+02 1.838229175e-02 9.975700893e-01 6.720125645e-02 1.084274331e+01 9.608263196e-01 -3.621540300e-02 2.747749284e-01 2.145165939e+02
2.764620800e-01 5.942690135e-02 -9.591856588e-01 -1.369867104e+02 1.910410836e-02 9.975491927e-01 6.731004246e-02 1.084575567e+01 9.608349417e-01 -3.693305426e-02 2.746492262e-01 2.145297357e+02
2.761946234e-01 5.947344652e-02 -9.592598217e-01 -1.369733917e+02 1.934729947e-02 9.975372696e-01 6.741719658e-02 1.085238580e+01 9.609069912e-01 -3.717934738e-02 2.743637793e-01 2.145373433e+02
2.760616511e-01 5.911957404e-02 -9.593199711e-01 -1.369531375e+02 1.898965062e-02 9.975761575e-01 6.694179432e-02 1.085596232e+01 9.609523358e-01 -3.669720653e-02 2.742698605e-01 2.145399706e+02
2.758081938e-01 5.791255745e-02 -9.594664883e-01 -1.369334642e+02 1.836219603e-02 9.976837568e-01 6.549772298e-02 1.085915090e+01 9.610373061e-01 -3.568271371e-02 2.741059527e-01 2.145435962e+02
2.756909138e-01 5.640992735e-02 -9.595897073e-01 -1.369203434e+02 1.836311466e-02 9.977853582e-01 6.393102286e-02 1.086134621e+01 9.610709390e-01 -3.524625127e-02 2.740444946e-01 2.145481334e+02
2.756745521e-01 5.642743301e-02 -9.595933787e-01 -1.369057306e+02 1.860675170e-02 9.977752635e-01 6.401806664e-02 1.086678553e+01 9.610709463e-01 -3.550306090e-02 2.740113171e-01 2.145540685e+02
2.755798614e-01 5.664677550e-02 -9.596076537e-01 -1.368933482e+02 1.897227273e-02 9.977472429e-01 6.434666108e-02 1.087337256e+01 9.610909565e-01 -3.593857533e-02 2.738843283e-01 2.145575398e+02
2.755461345e-01 5.625247377e-02 -9.596405333e-01 -1.368814444e+02 1.895625705e-02 9.977742789e-01 6.393081653e-02 1.087821868e+01 9.611009426e-01 -3.580707528e-02 2.738665087e-01 2.145607569e+02
2.754808763e-01 5.660661081e-02 -9.596384448e-01 -1.368713422e+02 1.881084387e-02 9.977562022e-01 6.425506733e-02 1.088513577e+01 9.611225066e-01 -3.575264449e-02 2.737979342e-01 2.145639609e+02
2.755278126e-01 5.679994954e-02 -9.596135454e-01 -1.368675770e+02 1.868548569e-02 9.977477813e-01 6.442218647e-02 1.089242630e+01 9.611114976e-01 -3.568094259e-02 2.738459285e-01 2.145653966e+02
2.756320915e-01 5.658112313e-02 -9.595965261e-01 -1.368749245e+02 1.872608657e-02 9.977606814e-01 6.421025588e-02 1.089692085e+01 9.610808070e-01 -3.566788804e-02 2.739553198e-01 2.145590650e+02
2.757254289e-01 5.689348582e-02 -9.595512417e-01 -1.368862441e+02 1.857854378e-02 9.977449721e-01 6.449658114e-02 1.089678329e+01 9.610568970e-01 -3.561040555e-02 2.740466617e-01 2.145517385e+02
2.758527099e-01 5.708291063e-02 -9.595034080e-01 -1.369052965e+02 1.849865262e-02 9.977348639e-01 6.467566573e-02 1.089418547e+01 9.610219124e-01 -3.559047120e-02 2.741719084e-01 2.145439657e+02
2.759625931e-01 5.706626505e-02 -9.594728005e-01 -1.369176545e+02 1.839976392e-02 9.977393689e-01 6.463436376e-02 1.089111226e+01 9.609922631e-01 -3.549073296e-02 2.742887371e-01 2.145404178e+02
2.760439378e-01 5.728828414e-02 -9.594361694e-01 -1.369334063e+02 1.837722247e-02 9.977250163e-01 6.486193167e-02 1.088768984e+01 9.609693314e-01 -3.553650828e-02 2.743631422e-01 2.145363410e+02
2.760968942e-01 5.737606170e-02 -9.594156861e-01 -1.369417135e+02 1.840464829e-02 9.977179298e-01 6.496308204e-02 1.088684875e+01 9.609535929e-01 -3.559380676e-02 2.744108349e-01 2.145331829e+02
2.762337672e-01 5.756133436e-02 -9.593651885e-01 -1.369607078e+02 1.822288112e-02 9.977117482e-01 6.510909880e-02 1.088053520e+01 9.609177208e-01 -3.546772274e-02 2.745527409e-01 2.145262467e+02
2.762342716e-01 5.763491755e-02 -9.593606255e-01 -1.369700083e+02 1.810868425e-02 9.977109606e-01 6.515301412e-02 1.087718319e+01 9.609197347e-01 -3.537024737e-02 2.745582673e-01 2.145224767e+02
2.762567441e-01 5.762074894e-02 -9.593550057e-01 -1.369779268e+02 1.817022181e-02 9.977095996e-01 6.515672354e-02 1.087372533e+01 9.609121126e-01 -3.543167087e-02 2.745770231e-01 2.145191445e+02
2.763511918e-01 5.785188880e-02 -9.593138924e-01 -1.369953278e+02 1.808765098e-02 9.976966815e-01 6.537713060e-02 1.086427149e+01 9.608865123e-01 -3.541877614e-02 2.746682616e-01 2.145141689e+02
2.763711564e-01 5.785861473e-02 -9.593077352e-01 -1.370046102e+02 1.804217188e-02 9.976978484e-01 6.537188983e-02 1.085883987e+01 9.608816252e-01 -3.537489317e-02 2.746910124e-01 2.145105429e+02
2.764230804e-01 5.805659958e-02 -9.592808130e-01 -1.370174454e+02 1.797257019e-02 9.976867687e-01 6.555988807e-02 1.085338701e+01 9.608679936e-01 -3.536300129e-02 2.747402230e-01 2.145056881e+02
2.763950322e-01 5.808825914e-02 -9.592869782e-01 -1.370261906e+02 1.798458074e-02 9.976842329e-01 6.559517510e-02 1.084879691e+01 9.608758374e-01 -3.538254797e-02 2.747102721e-01 2.145017868e+02
2.763511992e-01 5.817555566e-02 -9.592943165e-01 -1.370419852e+02 1.794363705e-02 9.976798777e-01 6.567258252e-02 1.084348850e+01 9.608892103e-01 -3.536191930e-02 2.746661490e-01 2.144942167e+02
2.763709791e-01 5.819960172e-02 -9.592871596e-01 -1.370521974e+02 1.786311639e-02 9.976811418e-01 6.567532957e-02 1.083937328e+01 9.608850216e-01 -3.528660666e-02 2.746904872e-01 2.144897685e+02
2.763703020e-01 5.830850479e-02 -9.592807413e-01 -1.370630605e+02 1.782317518e-02 9.976751485e-01 6.577714747e-02 1.083542447e+01 9.608859580e-01 -3.527627215e-02 2.746885388e-01 2.144854660e+02
2.764300328e-01 5.837991862e-02 -9.592591873e-01 -1.370699301e+02 1.783207553e-02 9.976697713e-01 6.585624660e-02 1.083298860e+01 9.608686111e-01 -3.531022002e-02 2.747448519e-01 2.144825051e+02
2.764658762e-01 5.837624678e-02 -9.592490810e-01 -1.370754963e+02 1.783557356e-02 9.976698044e-01 6.585479803e-02 1.083052123e+01 9.608582338e-01 -3.531535533e-02 2.747804822e-01 2.144799288e+02
2.765319279e-01 5.839378720e-02 -9.592289741e-01 -1.370799954e+02 1.780891805e-02 9.976694128e-01 6.586794170e-02 1.082878611e+01 9.608397208e-01 -3.529741243e-02 2.748475154e-01 2.144788377e+02
2.766105796e-01 5.841679542e-02 -9.592048955e-01 -1.370839296e+02 1.781945894e-02 9.976672467e-01 6.589789410e-02 1.082742196e+01 9.608168857e-01 -3.532056027e-02 2.749243591e-01 2.144782415e+02
2.766730899e-01 5.839903407e-02 -9.591879484e-01 -1.370886688e+02 1.782408327e-02 9.976681389e-01 6.588313401e-02 1.082730564e+01 9.607988016e-01 -3.532472946e-02 2.749870169e-01 2.144762458e+02
2.766796095e-01 5.840037361e-02 -9.591859863e-01 -1.370909300e+02 1.780759628e-02 9.976686364e-01 6.588005779e-02 1.082890806e+01 9.607972299e-01 -3.530845881e-02 2.749945979e-01 2.144746293e+02
2.767177336e-01 5.840839903e-02 -9.591744998e-01 -1.370935133e+02 1.782396960e-02 9.976673870e-01 6.589454957e-02 1.083270438e+01 9.607859469e-01 -3.533048087e-02 2.750311881e-01 2.144729205e+02
2.767160124e-01 5.839846049e-02 -9.591756015e-01 -1.370941711e+02 1.772789348e-02 9.976716017e-01 6.585664379e-02 1.083605724e+01 9.607882202e-01 -3.522774410e-02 2.750364250e-01 2.144709471e+02
2.766827804e-01 5.843726465e-02 -9.591828248e-01 -1.370936843e+02 1.773225716e-02 9.976688603e-01 6.589698661e-02 1.084064342e+01 9.607977102e-01 -3.524103133e-02 2.750015690e-01 2.144679137e+02
2.768421460e-01 5.840600139e-02 -9.591387446e-01 -1.370928258e+02 1.778619568e-02 9.976686260e-01 6.588599659e-02 1.084198933e+01 9.607508060e-01 -3.529944342e-02 2.751579023e-01 2.144679975e+02
2.768345922e-01 5.843662414e-02 -9.591390597e-01 -1.370924789e+02 1.780177938e-02 9.976659682e-01 6.592202373e-02 1.084420408e+01 9.607526940e-01 -3.532387183e-02 2.751481749e-01 2.144678980e+02
2.769179077e-01 5.833418153e-02 -9.591212447e-01 -1.370892162e+02 1.783493552e-02 9.976715745e-01 6.582814886e-02 1.084875173e+01 9.607280683e-01 -3.533485214e-02 2.752327380e-01 2.144682130e+02
2.770264387e-01 5.830602775e-02 -9.590916149e-01 -1.370875762e+02 1.782730966e-02 9.976735130e-01 6.580082962e-02 1.085145407e+01 9.606969205e-01 -3.532658603e-02 2.753425001e-01 2.144678671e+02
2.770391281e-01 5.829880179e-02 -9.590883888e-01 -1.370826491e+02 1.789655207e-02 9.976714280e-01 6.581364456e-02 1.085603781e+01 9.606919739e-01 -3.539732332e-02 2.753506745e-01 2.144682464e+02
2.770359700e-01 5.825764528e-02 -9.590918019e-01 -1.370816682e+02 1.789673944e-02 9.976742524e-01 6.577076506e-02 1.085670103e+01 9.606928811e-01 -3.538547710e-02 2.753490317e-01 2.144666908e+02
2.770624246e-01 5.826559843e-02 -9.590836769e-01 -1.370801039e+02 1.791192611e-02 9.976730805e-01 6.578440503e-02 1.085753034e+01 9.606849689e-01 -3.540541604e-02 2.753740730e-01 2.144651772e+02
2.771087353e-01 5.819031705e-02 -9.590748678e-01 -1.370772585e+02 1.792966109e-02 9.976774707e-01 6.571295365e-02 1.085997317e+01 9.606712808e-01 -3.540551415e-02 2.754218089e-01 2.144651561e+02
2.771918514e-01 5.820725389e-02 -9.590498211e-01 -1.370746807e+02 1.795090548e-02 9.976753167e-01 6.573985218e-02 1.086203060e+01 9.606469051e-01 -3.543835735e-02 2.755025947e-01 2.144649530e+02
